-1000 -85.9979
-999 425.002
-998 116.002
-997 -42.9992
-996 -31.9991
-995 203.001
-994 -196
-993 -206.999
-992 -106
-991 385
-990 42.0009
-989 -262.999
-988 -171.999
-987 5.00213
-986 144.002
-985 -382.997
-984 -5.99787
-983 323.001
-982 -104
-981 -202.999
-980 -37.9979
-979 113.002
-978 -293.997
-977 11.0021
-976 -19.9966
-975 -54.9979
-974 -175.998
-973 197.003
-972 10.0021
-971 47.0034
-970 -147.998
-969 -76.9979
-968 238.002
-967 -42.9979
-966 -103.998
-965 243.002
-964 298.002
-963 -144.997
-962 236.002
-961 155.002
-960 -187.999
-959 131.001
-958 -155.998
-957 269.001
-956 -79.9992
-955 60.9996
-954 444
-953 -89.0004
-952 47.9984
-951 237
-950 59.9996
-949 -54.9991
-948 178
-947 95.0009
-946 14.0009
-945 -150.999
-944 220.001
-943 -280.999
-942 -17.9991
-941 119.002
-940 -59.9991
-939 -332.999
-938 -21.9991
-937 11.0022
-936 -85.9979
-935 -90.9979
-934 -191.998
-933 391.002
-932 -51.9966
-931 -90.9979
-930 98.0009
-929 429.001
-928 0.000891092
-927 -74.9979
-926 154.001
-925 -108.998
-924 14.0022
-923 -42.9979
-922 382.001
-921 37.0009
-920 -137.998
-919 -20.9966
-918 166.003
-917 -52.9979
-916 -197.998
-915 193.002
-914 90.0034
-913 13.0034
-912 -3.99659
-911 -118.998
-910 98.0035
-909 221.004
-908 -249.998
-907 -294.998
-906 34.0009
-905 213.001
-904 -19.9991
-903 -352.999
-902 86.0009
-901 -82.9991
-900 110
-899 -287
-898 165.998
-897 424.999
-896 3.99839
-895 -411.003
-894 -32.0029
-893 460.996
-892 -68.0042
-891 -87.0054
-890 -92.0054
-889 98.9947
-888 183.996
-887 -139.005
-886 197.996
-885 364.996
-884 -212.004
-883 -121.004
-882 337.996
-881 -21.0054
-880 -66.0054
-879 -13.0066
-878 323.995
-877 -47.0067
-876 -370.008
-875 -17.0066
-874 265.993
-873 -335.007
-872 -116.007
-871 -65.0067
-870 245.993
-869 -359.007
-868 99.9934
-867 -93.0067
-866 -234.007
-865 472.994
-864 17.9946
-863 -335.006
-862 131.995
-861 12.9959
-860 23.9959
-859 70.9959
-858 -246.004
-857 -121.005
-856 315.996
-855 -351.006
-854 247.995
-853 -77.0054
-852 179.993
-851 -15.0054
-850 -66.0067
-849 -65.0054
-848 385.995
-847 -409.004
-846 11.9972
-845 336.996
-844 29.9972
-843 286.996
-842 -82.0041
-841 214.995
-840 183.996
-839 112.995
-838 -188.005
-837 -199.004
-836 -60.0041
-835 58.9959
-834 -354.004
-833 -117.003
-832 71.9959
-831 -233.004
-830 -260.005
-829 78.9947
-828 -196.004
-827 10.9959
-826 105.996
-825 156.996
-824 85.9947
-823 292.995
-822 -216.005
-821 -151.007
-820 -30.0054
-819 4.99464
-818 -44.0054
-817 -19.0066
-816 161.995
-815 366.994
-814 53.9934
-813 28.9934
-812 157.995
-811 122.993
-810 -242.007
-809 -83.0066
-808 225.995
-807 196.995
-806 -442.004
-805 86.9947
-804 433.995
-803 44.9947
-802 -254.004
-801 -113.005
-800 281.995
-799 -63.0054
-798 -98.0066
-797 -23.0066
-796 -260.007
-795 92.9947
-794 -54.0066
-793 -239.007
-792 201.992
-791 -375.008
-790 91.9922
-789 52.9934
-788 -108.007
-787 -125.007
-786 -42.0066
-785 444.994
-784 175.993
-783 -233.007
-782 73.9934
-781 86.9922
-780 87.9934
-779 -109.007
-778 -304.005
-777 284.994
-776 17.9947
-775 -321.007
-774 153.993
-773 -49.0079
-772 -14.0079
-771 -253.009
-770 9.99089
-769 -261.01
-768 277.99
-767 -85.0117
-766 -142.012
-765 84.9884
-764 177.99
-763 64.9897
-762 -22.0091
-761 160.991
-760 189.992
-759 -307.008
-758 -122.007
-757 122.995
-756 169.995
-755 -241.004
-754 -130.004
-753 52.9959
-752 275.996
-751 -161.004
-750 -136.003
-749 -61.0028
-748 513.997
-747 -477.002
-746 51.9972
-745 -101.003
-744 189.997
-743 -357.004
-742 137.996
-741 26.9972
-740 -16.0041
-739 -79.0028
-738 -312.003
-737 568.999
-736 -100.002
-735 -269.002
-734 -14.0016
-733 344.999
-732 313.997
-731 -277.002
-730 -50.0016
-729 464.999
-728 33.9997
-727 26.9985
-726 29.9985
-725 70.9972
-724 239.996
-723 -317.004
-722 -4.0028
-721 -39.0016
-720 106
-719 -395
-718 -154.002
-717 128.999
-716 239.999
-715 -473.002
-714 -174.002
-713 -137.003
-712 363.999
-711 -179.003
-710 -98.0041
-709 278.997
-708 105.997
-707 -357.002
-706 217.999
-705 171
-704 -178
-703 -7.00028
-702 -108
-701 -210.999
-700 366
-699 -539
-698 -100
-697 347
-696 151.999
-695 -489.002
-694 -22.0015
-693 86.9998
-692 359.999
-691 -351
-690 -166.002
-689 64.9985
-688 -14.0028
-687 54.9985
-686 -128.003
-685 502.997
-684 19.996
-683 36.9972
-682 257.999
-681 100.999
-680 219.999
-679 -439
-678 272
-677 42.9997
-676 132.001
-675 -532.999
-674 -265.999
-673 29.001
-672 148.001
-671 -598.998
-670 52.0023
-669 109.001
-668 -29.9978
-667 -396.999
-666 126.001
-665 -58.999
-664 250.002
-663 -272.999
-662 258.001
-661 -197
-660 320.001
-659 -232.999
-658 332.002
-657 -26.999
-656 426.002
-655 -64.999
-654 446.001
-653 -265
-652 -51.999
-651 -404.999
-650 170.001
-649 70.9998
-648 522
-647 -516.999
-646 132.002
-645 -34.999
-644 16.001
-643 -384.999
-642 290.001
-641 -109
-640 222
-639 -819.001
-638 590.001
-637 -30.999
-636 426.002
-635 -342.998
-634 290.001
-633 -209
-632 244.001
-631 107.001
-630 340.002
-629 371.002
-628 262.002
-627 61.0023
-626 -173.997
-625 199.002
-624 632.001
-623 -652.999
-622 216
-621 -142.999
-620 254
-619 -172.999
-618 -249.999
-617 37.001
-616 -39.999
-615 -102.998
-614 124.002
-613 39.0023
-612 -335.999
-611 -68.999
-610 170.001
-609 21.001
-608 -89.9978
-607 -102.998
-606 -211.998
-605 157.001
-604 142
-603 -337.002
-602 -280.003
-601 314.997
-600 99.996
-599 24.9973
-598 229.999
-597 -191.002
-596 5.99977
-595 -384.999
-594 244
-593 -127.002
-592 65.9998
-591 -27.0002
-590 129.999
-589 38.9998
-588 3.99851
-587 -33.0015
-586 297.999
-585 231
-584 73.9998
-583 -261.002
-582 713.999
-581 -85.0003
-580 80.0011
-579 -356.999
-578 -8.00023
-577 82.9998
-576 -75.999
-575 -623
-574 242.001
-573 -85.0003
-572 210
-571 -293.002
-570 176
-569 352.999
-568 103.999
-567 -325.002
-566 149.999
-565 -297.003
-564 111.999
-563 -239
-562 79.9998
-561 -58.999
-560 -369.998
-559 -326.998
-558 72.0023
-557 21.001
-556 -367.999
-555 -448.999
-554 -231.998
-553 93.0011
-552 -67.999
-551 -178.998
-550 126.001
-549 153.001
-548 -25.9977
-547 187.004
-546 -85.9965
-545 153.004
-544 18.0048
-543 41.0048
-542 178.006
-541 161.006
-540 -99.994
-539 195.006
-538 -215.995
-537 361.004
-536 -333.998
-535 199.001
-534 -108
-533 164.999
-532 -38.0027
-531 -153.004
-530 39.9948
-529 14.9948
-528 133.995
-527 118.996
-526 159.997
-525 216.999
-524 -82.0002
-523 -44.999
-522 56.0023
-521 205.004
-520 -181.995
-519 -238.995
-518 112.005
-517 191.005
-516 -331.997
-515 263.004
-514 130.004
-513 -6.99643
-512 84.0036
-511 39.0036
-510 26.0036
-509 153.004
-508 -191.997
-507 -160.996
-506 -115.995
-505 153.004
-504 216.004
-503 -314.995
-502 118.004
-501 179.005
-500 -5.99517
-499 -146.995
-498 348.005
-497 -298.997
-496 -201.998
-495 -144.996
-494 52.0023
-493 181.001
-492 -35.999
-491 109
-490 -168
-489 74.9998
-488 15.9986
-487 -109.001
-486 152
-485 -147.002
-484 -38.0002
-483 -160.999
-482 352.002
-481 237.004
-480 -315.997
-479 -28.9964
-478 398.004
-477 -436.998
-476 320.004
-475 -404.997
-474 310.004
-473 -306.997
-472 328.004
-471 -392.997
-470 76.0049
-469 81.0036
-468 290.002
-467 -332.999
-466 -113.999
-465 31.0023
-464 6.00234
-463 9.00234
-462 228.002
-461 -268.998
-460 52.0036
-459 -220.996
-458 -17.9964
-457 105.004
-456 234.002
-455 -514.998
-454 162.001
-453 83.0024
-452 -17.9977
-451 -116.999
-450 -253.999
-449 -92.9977
-448 -19.9989
-447 9.00234
-446 216.002
-445 -172.998
-444 -19.9989
-443 215.001
-442 -173.999
-441 257.001
-440 -29.9977
-439 -252.999
-438 36.0024
-437 -2.99892
-436 -5.99766
-435 -168.999
-434 -49.9989
-433 163
-432 -47.9989
-431 -334.998
-430 186.001
-429 87.0024
-428 -123.996
-427 53.0024
-426 -117.996
-425 -148.995
-424 104.004
-423 -280.997
-422 -85.9964
-421 -90.9964
-420 162.002
-419 -144.996
-418 222.004
-417 -110.996
-416 260.004
-415 -324.997
-414 76.0049
-413 199.005
-412 -433.995
-411 93.0049
-410 -173.994
-409 345.006
-408 -341.995
-407 -90.9952
-406 170.006
-405 91.0049
-404 386.005
-403 -230.995
-402 14.0061
-401 551.005
-400 50.0049
-399 79.0062
-398 -29.9939
-397 213.006
-396 12.0061
-395 -362.995
-394 -13.9939
-393 187.005
-392 110.005
-391 59.0036
-390 98.0037
-389 -252.998
-388 48.0011
-387 -30.9976
-386 138.004
-385 173.004
-384 220.004
-383 -220.996
-382 88.0049
-381 227.005
-380 -103.996
-379 147.004
-378 -185.996
-377 63.0024
-376 -173.998
-375 -374.998
-374 226.004
-373 -290.996
-372 224.004
-371 -300.996
-370 304.002
-369 -336.998
-368 -245.998
-367 -252.996
-366 180.005
-365 -144.995
-364 -253.995
-363 -370.995
-362 146.006
-361 -12.9926
-360 196.009
-359 -206.99
-358 -1.99133
-357 -174.991
-356 -125.99
-355 -74.9901
-354 -79.9901
-353 -114.989
-352 -283.989
-351 -266.988
-350 504.013
-349 -278.986
-348 348.014
-347 -350.988
-346 128.012
-345 75.0125
-344 -119.989
-343 -182.99
-342 136.01
-341 -516.99
-340 240.009
-339 123.009
-338 -337.991
-337 -58.9913
-336 542.008
-335 -460.992
-334 66.0087
-333 -122.991
-332 -39.9913
-331 89.01
-330 32.01
-329 93.0112
-328 -127.989
-327 -366.988
-326 106.014
-325 11.0125
-324 304.011
-323 -196.989
-322 120.01
-321 19.0099
-320 206.01
-319 -18.9901
-318 -53.9913
-317 -22.9913
-316 116.009
-315 45.0074
-314 -281.994
-313 -126.994
-312 190.005
-311 -454.995
-310 134.004
-309 103.005
-308 318.005
-307 -120.996
-306 500.003
-305 -150.999
-304 -103.999
-303 137.002
-302 102.001
-301 125.001
-300 60.0012
-299 143.001
-298 96.0024
-297 133.001
-296 -306
-295 -119
-294 282.001
-293 -62.9989
-292 204.001
-291 -48.9989
-290 -105.999
-289 -65.0001
-288 134
-287 -319
-286 374.001
-285 -114.999
-284 76.0012
-283 -272.999
-282 -44.0001
-281 -269
-280 -178
-279 -171
-278 188
-277 -226.999
-276 45.9999
-275 -203
-274 150.001
-273 -0.997591
-272 -221.998
-271 -72.9964
-270 182.004
-269 -236.995
-268 44.0037
-267 -202.995
-266 250.006
-265 -6.99381
-264 340.006
-263 -196.994
-262 -49.9938
-261 13.0062
-260 -203.994
-259 -330.993
-258 146.006
-257 101.006
-256 162.005
-255 -330.995
-254 412.005
-253 -520.995
-252 -39.9963
-251 27.0037
-250 -147.998
-249 69.0037
-248 -291.996
-247 -124.996
-246 -109.996
-245 245.004
-244 286.003
-243 -86.9976
-242 134.001
-241 -54.9989
-240 342.003
-239 -102.998
-238 554.001
-237 -198.999
-236 96.0012
-235 -3.00009
-234 -165.999
-233 -208.998
-232 196.001
-231 -195
-230 6.00117
-229 -306.999
-228 -67.9989
-227 -214.998
-226 130.001
-225 -46.9988
-224 -101.998
-223 -318.998
-222 -47.9976
-221 -208.998
-220 116.004
-219 -58.9976
-218 336.003
-217 -142.996
-216 -61.9951
-215 -202.995
-214 272.005
-213 -78.9963
-212 -79.9963
-211 63.0037
-210 94.0037
-209 -30.9963
-208 40.0037
-207 311.004
-206 -117.996
-205 -130.996
-204 158.002
-203 -130.998
-202 138.001
-201 -54.9988
-200 374.003
-199 205.003
-198 218.001
-197 -460.998
-196 48.0037
-195 223.004
-194 66.0037
-193 -162.996
-192 376.004
-191 -164.996
-190 234.004
-189 -252.998
-188 386.003
-187 83.0037
-186 134.004
-185 111.002
-184 370.003
-183 -408.999
-182 386.001
-181 -58.9988
-180 1.99993
-179 -104.999
-178 250.001
-177 -432.998
-176 206.003
-175 -274.998
-174 2.00119
-173 -468.998
-172 52.0037
-171 -422.998
-170 -205.996
-169 -74.9963
-168 -91.9963
-167 -262.995
-166 -121.996
-165 -82.9963
-164 -349.995
-163 -376.994
-162 92.005
-161 217.004
-160 496.004
-159 15.0037
-158 -227.998
-157 -400.998
-156 154.003
-155 95.0038
-154 -17.9963
-153 -312.998
-152 -175.996
-151 -144.996
-150 -69.9963
-149 141.004
-148 -271.996
-147 -118.998
-146 108.003
-145 305.004
-144 406.003
-143 -318.998
-142 226.004
-141 -436.998
-140 410.003
-139 131.004
-138 -123.995
-137 -206.994
-136 628.006
-135 -64.9938
-134 96.005
-133 -32.995
-132 446.005
-131 -4.99628
-130 -259.998
-129 -286.999
-128 500.001
-127 -226.998
-126 -205.996
-125 -400.998
-124 -51.9963
-123 -4.99627
-122 -191.998
-121 111.003
-120 986.003
-119 -368.999
-118 -56.0001
-117 -133
-116 62
-115 -443
-114 -294.001
-113 -515.002
-112 1002
-111 -801.002
-110 179.998
-109 -511.002
-108 319.999
-107 -157.001
-106 153.999
-105 -215.001
-104 533.998
-103 -367.003
-102 -456.003
-101 -127.004
-100 27.9962
-99 -149.004
-98 -190.004
-97 -165.005
-96 765.995
-95 -391.005
-94 -6.00382
-93 -195.004
-92 311.996
-91 -393.004
-90 -450.004
-89 -163.004
-88 763.996
-87 -583.005
-86 -144.005
-85 -297.005
-84 435.996
-83 -185.004
-82 -118.004
-81 -139.004
-80 1064
-79 -373.004
-78 67.995
-77 -779.004
-76 143.996
-75 50.9962
-74 -358.004
-73 -463.004
-72 815.997
-71 -143.005
-70 -80.0051
-69 -563.004
-68 793.998
-67 -385.001
-66 199.998
-65 -613.003
-64 1372
-63 -521.004
-62 -422.004
-61 -539.004
-60 119.996
-59 -501.004
-58 -338.004
-57 -735.004
-56 2180
-55 -801.004
-54 -268.005
-53 -735.004
-52 775.997
-51 -529.004
-50 -254.004
-49 -891.004
-48 1584
-47 -717.004
-46 -714.004
-45 -689.003
-44 985.998
-43 -625.002
-42 -548.003
-41 -541.003
-40 2282
-39 -301.004
-38 -610.004
-37 -871.004
-36 901.998
-35 -785.002
-34 -1068
-33 -713.003
-32 1526
-31 -569.004
-30 -998.004
-29 -725.003
-28 1644
-27 -1083.01
-26 -1100.01
-25 -867.007
-24 2387.99
-23 -993.007
-22 -1132.01
-21 -1349.01
-20 1539.99
-19 -975.01
-18 -2030.01
-17 -961.01
-16 2981.99
-15 -1373.01
-14 -894.012
-13 -1303.01
-12 1849.99
-11 -1349.01
-10 -1170.01
-9 -1251.01
-8 3095.99
-7 -913.012
-6 -736.013
-5 -291.014
-4 3559.99
-3 308.985
-2 -548.015
-1 -4467.02
0 41316
1 -4467.02
2 -548.015
3 308.985
4 3559.99
5 -291.014
6 -736.013
7 -913.012
8 3095.99
9 -1251.01
10 -1170.01
11 -1349.01
12 1849.99
13 -1303.01
14 -894.012
15 -1373.01
16 2981.99
17 -961.01
18 -2030.01
19 -975.01
20 1539.99
21 -1349.01
22 -1132.01
23 -993.007
24 2387.99
25 -867.007
26 -1100.01
27 -1083.01
28 1644
29 -725.003
30 -998.004
31 -569.004
32 1526
33 -713.003
34 -1068
35 -785.002
36 901.998
37 -871.004
38 -610.004
39 -301.004
40 2282
41 -541.003
42 -548.003
43 -625.002
44 985.998
45 -689.003
46 -714.004
47 -717.004
48 1584
49 -891.004
50 -254.004
51 -529.004
52 775.997
53 -735.004
54 -268.005
55 -801.004
56 2180
57 -735.004
58 -338.004
59 -501.004
60 119.996
61 -539.004
62 -422.004
63 -521.004
64 1372
65 -613.003
66 199.998
67 -385.001
68 793.998
69 -563.004
70 -80.0051
71 -143.005
72 815.997
73 -463.004
74 -358.004
75 50.9962
76 143.996
77 -779.004
78 67.995
79 -373.004
80 1064
81 -139.004
82 -118.004
83 -185.004
84 435.996
85 -297.005
86 -144.005
87 -583.005
88 763.996
89 -163.004
90 -450.004
91 -393.004
92 311.996
93 -195.004
94 -6.00382
95 -391.005
96 765.995
97 -165.005
98 -190.004
99 -149.004
100 27.9962
101 -127.004
102 -456.003
103 -367.003
104 533.998
105 -215.001
106 153.999
107 -157.001
108 319.999
109 -511.002
110 179.998
111 -801.002
112 1002
113 -515.002
114 -294.001
115 -443
116 62
117 -133
118 -56.0001
119 -368.999
120 986.003
121 111.003
122 -191.998
123 -4.99627
124 -51.9963
125 -400.998
126 -205.996
127 -226.998
128 500.001
129 -286.999
130 -259.998
131 -4.99628
132 446.005
133 -32.995
134 96.005
135 -64.9938
136 628.006
137 -206.994
138 -123.995
139 131.004
140 410.003
141 -436.998
142 226.004
143 -318.998
144 406.003
145 305.004
146 108.003
147 -118.998
148 -271.996
149 141.004
150 -69.9963
151 -144.996
152 -175.996
153 -312.998
154 -17.9963
155 95.0038
156 154.003
157 -400.998
158 -227.998
159 15.0037
160 496.004
161 217.004
162 92.005
163 -376.994
164 -349.995
165 -82.9963
166 -121.996
167 -262.995
168 -91.9963
169 -74.9963
170 -205.996
171 -422.998
172 52.0037
173 -468.998
174 2.00119
175 -274.998
176 206.003
177 -432.998
178 250.001
179 -104.999
180 1.99993
181 -58.9988
182 386.001
183 -408.999
184 370.003
185 111.002
186 134.004
187 83.0037
188 386.003
189 -252.998
190 234.004
191 -164.996
192 376.004
193 -162.996
194 66.0037
195 223.004
196 48.0037
197 -460.998
198 218.001
199 205.003
200 374.003
201 -54.9988
202 138.001
203 -130.998
204 158.002
205 -130.996
206 -117.996
207 311.004
208 40.0037
209 -30.9963
210 94.0037
211 63.0037
212 -79.9963
213 -78.9963
214 272.005
215 -202.995
216 -61.9951
217 -142.996
218 336.003
219 -58.9976
220 116.004
221 -208.998
222 -47.9976
223 -318.998
224 -101.998
225 -46.9988
226 130.001
227 -214.998
228 -67.9989
229 -306.999
230 6.00117
231 -195
232 196.001
233 -208.998
234 -165.999
235 -3.00009
236 96.0012
237 -198.999
238 554.001
239 -102.998
240 342.003
241 -54.9989
242 134.001
243 -86.9976
244 286.003
245 245.004
246 -109.996
247 -124.996
248 -291.996
249 69.0037
250 -147.998
251 27.0037
252 -39.9963
253 -520.995
254 412.005
255 -330.995
256 162.005
257 101.006
258 146.006
259 -330.993
260 -203.994
261 13.0062
262 -49.9938
263 -196.994
264 340.006
265 -6.99381
266 250.006
267 -202.995
268 44.0037
269 -236.995
270 182.004
271 -72.9964
272 -221.998
273 -0.997591
274 150.001
275 -203
276 45.9999
277 -226.999
278 188
279 -171
280 -178
281 -269
282 -44.0001
283 -272.999
284 76.0012
285 -114.999
286 374.001
287 -319
288 134
289 -65.0001
290 -105.999
291 -48.9989
292 204.001
293 -62.9989
294 282.001
295 -119
296 -306
297 133.001
298 96.0024
299 143.001
300 60.0012
301 125.001
302 102.001
303 137.002
304 -103.999
305 -150.999
306 500.003
307 -120.996
308 318.005
309 103.005
310 134.004
311 -454.995
312 190.005
313 -126.994
314 -281.994
315 45.0074
316 116.009
317 -22.9913
318 -53.9913
319 -18.9901
320 206.01
321 19.0099
322 120.01
323 -196.989
324 304.011
325 11.0125
326 106.014
327 -366.988
328 -127.989
329 93.0112
330 32.01
331 89.01
332 -39.9913
333 -122.991
334 66.0087
335 -460.992
336 542.008
337 -58.9913
338 -337.991
339 123.009
340 240.009
341 -516.99
342 136.01
343 -182.99
344 -119.989
345 75.0125
346 128.012
347 -350.988
348 348.014
349 -278.986
350 504.013
351 -266.988
352 -283.989
353 -114.989
354 -79.9901
355 -74.9901
356 -125.99
357 -174.991
358 -1.99133
359 -206.99
360 196.009
361 -12.9926
362 146.006
363 -370.995
364 -253.995
365 -144.995
366 180.005
367 -252.996
368 -245.998
369 -336.998
370 304.002
371 -300.996
372 224.004
373 -290.996
374 226.004
375 -374.998
376 -173.998
377 63.0024
378 -185.996
379 147.004
380 -103.996
381 227.005
382 88.0049
383 -220.996
384 220.004
385 173.004
386 138.004
387 -30.9976
388 48.0011
389 -252.998
390 98.0037
391 59.0036
392 110.005
393 187.005
394 -13.9939
395 -362.995
396 12.0061
397 213.006
398 -29.9939
399 79.0062
400 50.0049
401 551.005
402 14.0061
403 -230.995
404 386.005
405 91.0049
406 170.006
407 -90.9952
408 -341.995
409 345.006
410 -173.994
411 93.0049
412 -433.995
413 199.005
414 76.0049
415 -324.997
416 260.004
417 -110.996
418 222.004
419 -144.996
420 162.002
421 -90.9964
422 -85.9964
423 -280.997
424 104.004
425 -148.995
426 -117.996
427 53.0024
428 -123.996
429 87.0024
430 186.001
431 -334.998
432 -47.9989
433 163
434 -49.9989
435 -168.999
436 -5.99766
437 -2.99892
438 36.0024
439 -252.999
440 -29.9977
441 257.001
442 -173.999
443 215.001
444 -19.9989
445 -172.998
446 216.002
447 9.00234
448 -19.9989
449 -92.9977
450 -253.999
451 -116.999
452 -17.9977
453 83.0024
454 162.001
455 -514.998
456 234.002
457 105.004
458 -17.9964
459 -220.996
460 52.0036
461 -268.998
462 228.002
463 9.00234
464 6.00234
465 31.0023
466 -113.999
467 -332.999
468 290.002
469 81.0036
470 76.0049
471 -392.997
472 328.004
473 -306.997
474 310.004
475 -404.997
476 320.004
477 -436.998
478 398.004
479 -28.9964
480 -315.997
481 237.004
482 352.002
483 -160.999
484 -38.0002
485 -147.002
486 152
487 -109.001
488 15.9986
489 74.9998
490 -168
491 109
492 -35.999
493 181.001
494 52.0023
495 -144.996
496 -201.998
497 -298.997
498 348.005
499 -146.995
500 -5.99517
501 179.005
502 118.004
503 -314.995
504 216.004
505 153.004
506 -115.995
507 -160.996
508 -191.997
509 153.004
510 26.0036
511 39.0036
512 84.0036
513 -6.99643
514 130.004
515 263.004
516 -331.997
517 191.005
518 112.005
519 -238.995
520 -181.995
521 205.004
522 56.0023
523 -44.999
524 -82.0002
525 216.999
526 159.997
527 118.996
528 133.995
529 14.9948
530 39.9948
531 -153.004
532 -38.0027
533 164.999
534 -108
535 199.001
536 -333.998
537 361.004
538 -215.995
539 195.006
540 -99.994
541 161.006
542 178.006
543 41.0048
544 18.0048
545 153.004
546 -85.9965
547 187.004
548 -25.9977
549 153.001
550 126.001
551 -178.998
552 -67.999
553 93.0011
554 -231.998
555 -448.999
556 -367.999
557 21.001
558 72.0023
559 -326.998
560 -369.998
561 -58.999
562 79.9998
563 -239
564 111.999
565 -297.003
566 149.999
567 -325.002
568 103.999
569 352.999
570 176
571 -293.002
572 210
573 -85.0003
574 242.001
575 -623
576 -75.999
577 82.9998
578 -8.00023
579 -356.999
580 80.0011
581 -85.0003
582 713.999
583 -261.002
584 73.9998
585 231
586 297.999
587 -33.0015
588 3.99851
589 38.9998
590 129.999
591 -27.0002
592 65.9998
593 -127.002
594 244
595 -384.999
596 5.99977
597 -191.002
598 229.999
599 24.9973
600 99.996
601 314.997
602 -280.003
603 -337.002
604 142
605 157.001
606 -211.998
607 -102.998
608 -89.9978
609 21.001
610 170.001
611 -68.999
612 -335.999
613 39.0023
614 124.002
615 -102.998
616 -39.999
617 37.001
618 -249.999
619 -172.999
620 254
621 -142.999
622 216
623 -652.999
624 632.001
625 199.002
626 -173.997
627 61.0023
628 262.002
629 371.002
630 340.002
631 107.001
632 244.001
633 -209
634 290.001
635 -342.998
636 426.002
637 -30.999
638 590.001
639 -819.001
640 222
641 -109
642 290.001
643 -384.999
644 16.001
645 -34.999
646 132.002
647 -516.999
648 522
649 70.9998
650 170.001
651 -404.999
652 -51.999
653 -265
654 446.001
655 -64.999
656 426.002
657 -26.999
658 332.002
659 -232.999
660 320.001
661 -197
662 258.001
663 -272.999
664 250.002
665 -58.999
666 126.001
667 -396.999
668 -29.9978
669 109.001
670 52.0023
671 -598.998
672 148.001
673 29.001
674 -265.999
675 -532.999
676 132.001
677 42.9997
678 272
679 -439
680 219.999
681 100.999
682 257.999
683 36.9972
684 19.996
685 502.997
686 -128.003
687 54.9985
688 -14.0028
689 64.9985
690 -166.002
691 -351
692 359.999
693 86.9998
694 -22.0015
695 -489.002
696 151.999
697 347
698 -100
699 -539
700 366
701 -210.999
702 -108
703 -7.00028
704 -178
705 171
706 217.999
707 -357.002
708 105.997
709 278.997
710 -98.0041
711 -179.003
712 363.999
713 -137.003
714 -174.002
715 -473.002
716 239.999
717 128.999
718 -154.002
719 -395
720 106
721 -39.0016
722 -4.0028
723 -317.004
724 239.996
725 70.9972
726 29.9985
727 26.9985
728 33.9997
729 464.999
730 -50.0016
731 -277.002
732 313.997
733 344.999
734 -14.0016
735 -269.002
736 -100.002
737 568.999
738 -312.003
739 -79.0028
740 -16.0041
741 26.9972
742 137.996
743 -357.004
744 189.997
745 -101.003
746 51.9972
747 -477.002
748 513.997
749 -61.0028
750 -136.003
751 -161.004
752 275.996
753 52.9959
754 -130.004
755 -241.004
756 169.995
757 122.995
758 -122.007
759 -307.008
760 189.992
761 160.991
762 -22.0091
763 64.9897
764 177.99
765 84.9884
766 -142.012
767 -85.0117
768 277.99
769 -261.01
770 9.99089
771 -253.009
772 -14.0079
773 -49.0079
774 153.993
775 -321.007
776 17.9947
777 284.994
778 -304.005
779 -109.007
780 87.9934
781 86.9922
782 73.9934
783 -233.007
784 175.993
785 444.994
786 -42.0066
787 -125.007
788 -108.007
789 52.9934
790 91.9922
791 -375.008
792 201.992
793 -239.007
794 -54.0066
795 92.9947
796 -260.007
797 -23.0066
798 -98.0066
799 -63.0054
800 281.995
801 -113.005
802 -254.004
803 44.9947
804 433.995
805 86.9947
806 -442.004
807 196.995
808 225.995
809 -83.0066
810 -242.007
811 122.993
812 157.995
813 28.9934
814 53.9934
815 366.994
816 161.995
817 -19.0066
818 -44.0054
819 4.99464
820 -30.0054
821 -151.007
822 -216.005
823 292.995
824 85.9947
825 156.996
826 105.996
827 10.9959
828 -196.004
829 78.9947
830 -260.005
831 -233.004
832 71.9959
833 -117.003
834 -354.004
835 58.9959
836 -60.0041
837 -199.004
838 -188.005
839 112.995
840 183.996
841 214.995
842 -82.0041
843 286.996
844 29.9972
845 336.996
846 11.9972
847 -409.004
848 385.995
849 -65.0054
850 -66.0067
851 -15.0054
852 179.993
853 -77.0054
854 247.995
855 -351.006
856 315.996
857 -121.005
858 -246.004
859 70.9959
860 23.9959
861 12.9959
862 131.995
863 -335.006
864 17.9946
865 472.994
866 -234.007
867 -93.0067
868 99.9934
869 -359.007
870 245.993
871 -65.0067
872 -116.007
873 -335.007
874 265.993
875 -17.0066
876 -370.008
877 -47.0067
878 323.995
879 -13.0066
880 -66.0054
881 -21.0054
882 337.996
883 -121.004
884 -212.004
885 364.996
886 197.996
887 -139.005
888 183.996
889 98.9947
890 -92.0054
891 -87.0054
892 -68.0042
893 460.996
894 -32.0029
895 -411.003
896 3.99839
897 424.999
898 165.998
899 -287
900 110
901 -82.9991
902 86.0009
903 -352.999
904 -19.9991
905 213.001
906 34.0009
907 -294.998
908 -249.998
909 221.004
910 98.0035
911 -118.998
912 -3.99659
913 13.0034
914 90.0034
915 193.002
916 -197.998
917 -52.9979
918 166.003
919 -20.9966
920 -137.998
921 37.0009
922 382.001
923 -42.9979
924 14.0022
925 -108.998
926 154.001
927 -74.9979
928 0.000891092
929 429.001
930 98.0009
931 -90.9979
932 -51.9966
933 391.002
934 -191.998
935 -90.9979
936 -85.9979
937 11.0022
938 -21.9991
939 -332.999
940 -59.9991
941 119.002
942 -17.9991
943 -280.999
944 220.001
945 -150.999
946 14.0009
947 95.0009
948 178
949 -54.9991
950 59.9996
951 237
952 47.9984
953 -89.0004
954 444
955 60.9996
956 -79.9992
957 269.001
958 -155.998
959 131.001
960 -187.999
961 155.002
962 236.002
963 -144.997
964 298.002
965 243.002
966 -103.998
967 -42.9979
968 238.002
969 -76.9979
970 -147.998
971 47.0034
972 10.0021
973 197.003
974 -175.998
975 -54.9979
976 -19.9966
977 11.0021
978 -293.997
979 113.002
980 -37.9979
981 -202.999
982 -104
983 323.001
984 -5.99787
985 -382.997
986 144.002
987 5.00213
988 -171.999
989 -262.999
990 42.0009
991 385
992 -106
993 -206.999
994 -196
995 203.001
996 -31.9991
997 -42.9992
998 116.002
999 425.002
1000 -85.9979
