-100 12.2012
-99 -2.03532
-98 -12.5934
-97 -0.118109
-96 15.817
-95 -0.718894
-94 -12.8648
-93 0.863158
-92 16.2948
-91 -0.804891
-90 -14.9198
-89 -2.5402
-88 14.0608
-87 -1.36828
-86 -13.7504
-85 -0.220196
-84 17.4267
-83 -1.28051
-82 -16.6959
-81 -2.56564
-80 15.657
-79 -2.93466
-78 -17.2811
-77 0.276726
-76 22.3262
-75 1.74354
-74 -16.193
-73 -1.74522
-72 18.4247
-71 -1.11892
-70 -17.3422
-69 -1.1373
-68 20.3286
-67 0.45089
-66 -15.6515
-65 -0.754174
-64 20.4752
-63 -3.99032
-62 -22.4696
-61 -1.28698
-60 23.2188
-59 -3.4587
-58 -21.9812
-57 -0.616971
-56 26.4543
-55 -0.64761
-54 -22.9397
-53 -1.52502
-52 26.9111
-51 -1.39254
-50 -25.4385
-49 -3.06152
-48 28.3393
-47 -0.451074
-46 -25.5164
-45 -2.47749
-44 27.7065
-43 -2.06803
-42 -28.3434
-41 0.208636
-40 35.938
-39 -0.327859
-38 -28.8085
-37 -3.71588
-36 32.802
-35 -2.82252
-34 -31.6756
-33 -1.55372
-32 37.8701
-31 -3.20937
-30 -35.4445
-29 -6.0078
-28 39.1271
-27 -4.56188
-26 -38.6328
-25 -2.35153
-24 43.677
-23 -3.28332
-22 -38.6411
-21 -0.44591
-20 53.609
-19 2.10317
-18 -39.4421
-17 -2.82175
-16 52.284
-15 -0.237518
-14 -46.2783
-13 -6.03708
-12 49.9372
-11 -11.8396
-10 -59.7586
-9 -17.8413
-8 44.8683
-7 -23.2083
-6 -70.3063
-5 -21.0746
-4 48.366
-3 -19.4248
-2 -64.2671
-1 54.5235
0 238.38
1 54.5235
2 -64.2671
3 -19.4248
4 48.366
5 -21.0746
6 -70.3063
7 -23.2083
8 44.8683
9 -17.8413
10 -59.7586
11 -11.8396
12 49.9372
13 -6.03708
14 -46.2783
15 -0.237518
16 52.284
17 -2.82175
18 -39.4421
19 2.10317
20 53.609
21 -0.44591
22 -38.6411
23 -3.28332
24 43.677
25 -2.35153
26 -38.6328
27 -4.56188
28 39.1271
29 -6.0078
30 -35.4445
31 -3.20937
32 37.8701
33 -1.55372
34 -31.6756
35 -2.82252
36 32.802
37 -3.71588
38 -28.8085
39 -0.327859
40 35.938
41 0.208636
42 -28.3434
43 -2.06803
44 27.7065
45 -2.47749
46 -25.5164
47 -0.451074
48 28.3393
49 -3.06152
50 -25.4385
51 -1.39254
52 26.9111
53 -1.52502
54 -22.9397
55 -0.64761
56 26.4543
57 -0.616971
58 -21.9812
59 -3.4587
60 23.2188
61 -1.28698
62 -22.4696
63 -3.99032
64 20.4752
65 -0.754174
66 -15.6515
67 0.45089
68 20.3286
69 -1.1373
70 -17.3422
71 -1.11892
72 18.4247
73 -1.74522
74 -16.193
75 1.74354
76 22.3262
77 0.276726
78 -17.2811
79 -2.93466
80 15.657
81 -2.56564
82 -16.6959
83 -1.28051
84 17.4267
85 -0.220196
86 -13.7504
87 -1.36828
88 14.0608
89 -2.5402
90 -14.9198
91 -0.804891
92 16.2948
93 0.863158
94 -12.8648
95 -0.718894
96 15.817
97 -0.118109
98 -12.5934
99 -2.03532
100 12.2012
