@#!$!@#$@#$@#!$!@#$#@!
-100 0 0 0 0.00982986 0 0 0 0 0 0 0 -0.999989 0 0 0 0 0 0.0019227 0 0 0 -1.00172 0 0 0 0 0 0 0 0 -23.0226 0 0 -0.0144703 0 0 0 0 0 0 0 0 0 0 0 0 0 0 -0.00562151 0 0.00202335 0 0.119509 0 0 0 0 0 0 0 0 0 0 0 0 0 0 0 0 0 0 0 -0.00262101 0.00944913 0 0.00998374 0 0 0 0 0 0 0 0 -0.993322 0 0 0 0 0 0 -0.00897011 0 0 0 0 
-99 0 0 0 0.00990548 0 0 0 0 0 0 0 0.999989 0 0 0 0 0 0.00192945 0 0 0 -3.00171 0 0 0 0 0 0 0 0 3.99817 0 0 -0.0144591 0 0 0 0 0 0 0 0 0 0 0 0 0 0 -0.0056203 0 0.00203129 0 0.120381 0 0 0 0 0 0 0 0 0 0 0 0 0 0 0 0 0 0 0 -0.00177068 0.00960153 0 0.0100919 0 0 0 0 0 0 0 0 -0.99332 0 0 0 0 0 0 -0.00895587 0 0 0 0 
-98 0 0 0 0.00998109 0 0 0 0 0 0 0 -0.999989 0 0 0 0 0 0.00193619 0 0 0 -2.00171 0 0 0 0 0 0 0 0 24.0177 0 0 -0.014448 0 0 0 0 0 0 0 0 0 0 0 0 0 0 -0.00561909 0 0.00203922 0 0.121253 0 0 0 0 0 0 0 0 0 0 0 0 0 0 0 0 0 0 -0.999977 -0.00176996 0.00975394 0 0.0102001 0 0 0 0 0 0 0 0 0.00530252 0 0 0 0 0 0 -0.00894163 0 0 0 0 
-97 0 0 0 0.0100567 0 0 0 0 0 0 0 -0.999989 0 0 0 0 0 0.00194294 0 0 0 3.99825 0 0 0 0 0 0 0 0 26.0157 0 0 -0.0144369 0 0 0 0 0 0 0 0 0 0 0 0 0 0 -0.00561788 0 0.00204715 0 0.122126 0 0 0 0 0 0 0 0 0 0 0 0 0 0 0 0 0 0 0 -1.00176 0.00990635 0 0.0103083 0 0 0 0 0 0 0 0 -0.994688 0 0 0 0 0 0 -0.0127005 0 0 0 0 
-96 0 0 0 0.0101323 0 0 0 0 0 0 0 -0.999989 0 0 0 0 0 0.00194969 0 0 0 -2.00171 0 0 0 0 0 0 0 0 5.99949 0 0 -0.0144257 0 0 0 0 0 0 0 0 0 0 0 0 0 0 -0.00561667 0 0.00205509 0 0.122998 0 0 0 0 0 0 0 0 0 0 0 0 0 0 0 0 0 0 0 -0.000918907 0.0100588 0 0.0104165 0 0 0 0 0 0 0 0 1.0053 0 0 0 0 0 0 -0.0126863 0 0 0 0 
-95 0 0 0 0.0102079 0 0 0 0 0 0 0 0 0 0 0 0 0 0.00195643 0 0 0 0.99827 0 0 0 0 0 0 0 0 -29.0231 0 0 -0.0144146 0 0 0 0 0 0 0 0 0 0 0 0 0 0 -0.00561546 0 0.00206302 0 0.12387 0 0 0 0 0 0 0 0 0 0 0 0 0 0 0 0 0 0 -0.999977 -1.00091 0.0102112 0 0.0105247 0 0 0 0 0 0 0 0 -2.99467 0 0 0 0 0 0 -0.0126721 0 0 0 0 
-94 0 0 0 0.0102836 0 0 0 0 0 0 0 0 0 0 0 0 0 0.00196318 0 0 0 -1.00172 0 0 0 0 0 0 0 0 -33.0224 0 0.999969 -0.0144034 0 0 0 0 0 0 0 0 0 0 0 0 0 0 -0.00561425 0 0.00207096 0 0.124743 0 0 0 0 0 0 0 0 0 0 0 0 0 0 0 0 0 0 0 -0.000917463 0.0103636 0 0.0106328 0 0 0 0 0 0 0 0 0.00531005 0 0 0 0 0 0 -0.016431 0 0 0 0 
-93 0 0 0 0.0103592 0 0 0 0 0 0 0 0 0 0 0 0 0 0.00196993 0 0 0 -0.0017236 0 0 0 0 0 0 0 0 -3.99696 0 0 -0.0143923 0 0 0 0 0 0 0 0 0 0 0 0 0 0 -0.00561304 0 0.00207889 0 0.125615 0 0 0 0 0 0 0 0 0 0 0 0 0 0 0 0 0 0 0 -0.000916741 0.010516 0 0.010741 0 0 0 0 0 0 0 0 0.00531193 0 0 0 0 0 0 -0.0164167 0 0 0 0 
-92 0 0 0 0.0104348 0 0 0 0 0 0 0 -0.999989 0 0 0 0 0 0.00197667 0 0.999985 0 -3.00171 0 0 0 0 0 0 0 0 30.0283 0 0 -0.0143811 0 0 0 0 0 0 0 0 0 0 0 0 0 0 -0.00561183 0 0.00208683 0 0.126487 0 0 0 0 0 0 0 0 0 0 0 0 0 0 0 0 0 0 -1.99995 -0.000916019 0.0106684 0 0.0108492 0 0 0 0 0 0 0 0 -1.99467 0 0 0 0 0 0 -0.0201756 0 0 0 0 
-91 0 0 0 0.0105104 0 0 0 0 0 0 0 0 0 0 0 0 0 0.00198342 0 0 0 1.99827 0 0 0 0 0 0 0 0 32.023 0 0.999969 -0.01437 0 0 0 0 0 0 0 0 0 0 0 0 0 0 -0.00561062 0 0.00209476 0 0.12736 0 0 0 0 0 0 0 0 0 0 0 0 0 0 0 0 0 0 0 -0.000915297 0.0108208 0 0.0109574 0 0 0 0 0 0 0 0 0.00531569 0 0 0 0 0 0 -0.0201614 0 0 0 0 
-90 0 0 0 0.010586 0 0 0 0 0 0 0 -0.999989 0 0 0 0 0 0.00199017 0 0 0 0.998272 0 0 0 0 0 0 0 0 -4.00358 0 0 -0.0143588 0 0 0 0 0 0 0 0 0 0 0 0 0 0 -0.00560941 0 0.0021027 0 0.128232 0 0 0 0 0 0 0 0 0 0 0 0 0 0 0 0 0 0 0 -0.000914576 0.0109732 0 0.0110656 0 0 0 0 0 0 0 0 0.00531758 0 0 0 0 0 0 -0.0239203 0 0 0 0 
-89 0 0 0 0.0106616 0 0 0 0 0 0 0 0 0 0 0 0 0 0.00199691 0 0.999985 0 1.99827 0 0 0 0 0 0 0 0 -27.0218 0 0 -0.0143477 0 0 0 0 0 0 0 0 0 0 0 0 0 0 -0.0056082 0 0.00211063 0 0.129104 0 0 0 0 0 0 0 0 0 0 0 0 0 0 0 0 0 0 0 -0.000913854 0.0111256 0 0.0111738 0 0 0 0 0 0 0 0 1.00531 0 0 0 0 0 0 -0.023906 0 0 0 0 
-88 0 0 0 0.0107372 0 0 0 0 0 0 0 0 0 0 0 0 0 0.00200366 0 0 0 -0.00172201 0 0 0 0 0 0 0 0 -29.023 0 0.999969 -0.0143365 0 0 0 0 0 0 0 0 0 0 0 0 0 0 -0.00560699 0 0.00211857 0 0.129977 0 0 0 0 0 0 0 0 0 0 0 0 0 0 0 0 0 0 -0.999977 -0.000913132 0.011278 0 0.0112819 0 0 0 0 0 0 0 0 1.00531 0 0 0 0 0 0 -0.0238918 0 0 0 0 
-87 0 0 0 0.0108129 0 0 0 0 0 0 0 -0.999989 0 0 0 0 0 0.0020104 0 0.999985 0 1.99827 0 0 0 0 0 0 0 0 0.999685 0 0 -0.0143254 0 0 0 0 0 0 0 0 0 0 0 0 0 0 -0.00560578 0 0.0021265 0 0.130849 0 0 0 0 0 0 0 0 0 0 0 0 0 0 0 0 0 0 0 -0.00091241 0.0114304 0 0.0113901 0 0 0 0 0 0 0 0 -1.99466 0 0 0 0 0 0 -0.0276507 0 0 0 0 
-86 0 0 0 0.0108885 0 0 0 0 0 0 0 0 0 0 0 0 0 0.00201715 0 0 0 -1.00172 0 0 0 0 0 0 0 0 30.0184 0 0 -0.0143142 0 0 0 0 0 0 0 0 0 0 0 0 0 0 -0.00560457 0 0.00213444 0 0.131721 0 0 0 0 0 0 0 0 0 0 0 0 0 0 0 0 0 0 0 -0.000911688 0.0115828 0 0.0114983 0 0 0 0 0 0 0 0 1.00532 0 0 0 0 0 0 -0.0276365 0 0 0 0 
-85 0 0 0 0.0109641 0 0 0 0 0 0 0 -0.999989 0 0 0 0 0 0.0020239 0 0 0 -1.00172 0 0 0 0 0 0 0 0 27.0165 0 0.999969 -0.0143031 0 0 0 0 0 0 0 0 0 0 0 0 0 0 -0.00560336 0 0.00214237 0 0.132594 0 0 0 0 0 0 0 0 0 0 0 0 0 0 0 0 0 0 -0.999977 -0.000910966 0.0117352 0 0.0116065 0 0 0 0 0 0 0 0 -1.99466 0 0 0 0 0 0 -0.0276222 0 0 0 0 
-84 0 0 0 0.0110397 0 0 0 0 0 0 0 0.999989 0 0 0 0 0 0.00203064 0 0 -0.999993 -2.00171 0 0 0 0 0 0 0 0 0.999718 0 0 -0.0142919 0 0 0 0 0 0 0 0 0 0 0 0 0 0 -0.00560215 0 0.00215031 0 0.133466 0 0 0 0 0 0 0 0 0 0 0 0 0 0 0 0 0 0 -0.999977 -0.000910245 0.0118876 0 0.0117147 0 0 0 0 0 0 0 0 1.00532 0 0 0 0 0 0 -0.027608 0 0 0 0 
-83 0 0 0 0.0111153 0 0 0 0 0 0 0 0 0 0 0 0 0 0.00203739 0 0.999985 0 -0.00172041 0 0 0 0 0 0 0 0 -26.0177 0 0 -0.0142808 0 0 0 0 0 0 0 0 0 0 0 0 0 0 -0.00560094 0 0.00215824 0 0.134338 0 0 0 0 0 0 0 0 0 0 0 0 0 0 0 0 0 0 0 0.999081 0.01204 0 0.0118228 0 0 0 0 0 0 0 0 0.00533075 0 0 0 0 0 0 -0.0275938 0 0 0 0 
-82 0 0 0 0.0111909 0 0 0 0 0 0 0 0.999989 0 0 0 0 0 0.00204414 0 0.999985 0 1.99827 0 0 0 0 0 0 0 0 -31.0209 0 0 -0.0142696 0 0 0 0 0 0 0 0 0 0 0 0 0 0 -0.00559973 0 0.00216618 0 0.135211 0 0 0 0 0 0 0 0 0 0 0 0 0 0 0 0 0 0 -0.999977 -0.000908801 0.0121924 0 0.011931 0 0 0 0 0 0 0 0 2.00532 0 0 0 0 0 0 -0.0275795 0 0 0 0 
-81 0 0 0 0.0112665 0 0 0 0 0 0 0 0 0 0 0 0 0 0.00205088 0 0 0 1.99827 0 0 0 0 0 0 0 0 -2.99951 0 0 -0.0142585 0 0 0 0 0 0 0 0 0 0 0 0 0 0 -0.00559852 0 0.00217411 0 0.136083 0 0 0 0 0 0 0 0 0 0 0 0 0 0 0 0 0 0 0 -0.000908079 0.0123448 0 0.0120392 0 0 0 0 0 0 0 0 1.00533 0 0 0 0 0 0 -0.0237921 0 0 0 0 
-80 0 0 0 0.0113422 0 0 0 0 0 0 0 0.999989 0 0 0 0 0 0.00205763 0 0 0 -0.00171946 0 0 0 0 0 0 0 0 36.0257 0 0 -0.0142473 0 0 0 0 0 0 0 0 0 0 0 0 0 0 -0.00559731 0 0.00218204 0 0.136955 0 0 0 0 0 0 0 0 0 0 0 0 0 0 0 0 0 0 -0.999977 -0.000907357 0.0124972 0 0.00174638 0 0 0 0 0 0 0 0 -0.994656 0 0 0 0 0 0 -0.0237779 0 0 0 0 
-79 0 0 0 0.0114178 0 0 0 0 0 0 0 0.999989 0 0 0 0 0 0.00206438 0 0 0 0.998275 0 0 0 0 0 0 0 0 33.0238 0 -0.999969 -0.0142362 0 0 0 0 0 0 0 0 0 0 0 0 0 0 -0.0055961 0 0.00218998 0 0.137828 0 0 0 0 0 0 0 0 0 0 0 0 0 0 0 0 0 0 0 -0.000906635 0.0126496 0 0.00185456 0 0 0 0 0 0 0 0 0.00533827 0 0 0 0 0 0 -0.0237637 0 0 0 0 
-78 0 0 0 0.0114934 0 0 0 0 0 0 0 -1.99998 0 0 0 0 0 0.00207112 0 0.999985 -0.999993 4.99825 0 0 0 0 0 0 0 0 -11.0046 0 0 -0.014225 0 0 0 0 0 0 0 0 0 0 0 0 0 0 -0.00559489 0 0.00219791 0 0.1387 0 0 0 0 0 0 0 0 0 0 0 0 0 0 0 0 0 0 0 -0.000905914 0.012802 0 0.00196275 0 0 0 0 0 0 0 0 0.00534016 0 0 0 0 0 0 -0.0199763 0 0 0 0 
-77 0 0 0 0.011569 0 0 0 0 0 0 0 1.99998 0 0 0 0 0 0.00207787 0 0 -0.999993 1.99827 0 0 0 0 0 0 0 0 -42.028 0 -0.999969 -0.0142139 0 0 0 0 0 0 0 0 0 0 0 0 0 0 -0.00559368 0 0.00220585 0 0.139572 0 0 0 0 0 0 0 0 0 0 0 0 0 0 0 0 0 0 0 -0.000905192 0.0129545 0 -0.00833008 0 0 0 0 0 0 0 0 1.00533 0 0 0 0 0 0 -0.019962 0 0 0 0 
-76 0 0 0 0.0116446 0 0 0 0 0 0 0 0 0 0 0 0 0 0.00208461 0 0 0 2.99826 0 0 0 0 0 0 0 0 -24.0197 0 0 -0.0142027 0 0 0 0 0 0 0 0 0 0 0 0 0 0 -0.00559247 0 0.00221378 0 0.140445 0 0 0 0 0 0 0 0 0 0 0 0 0 0 0 0 0 0 0 -0.00090447 0.0131069 0 -0.0082219 0 0 0 0 0 0 0 0 1.00534 0 0 0 0 0 0 -0.0199478 0 0 0 0 
-75 0 0 0 0.0117202 0 0 0 0 0 0 0 0.999989 0 0 0 0 0 0.00209136 0 0 0 -3.0017 0 0 0 0 0 0 0 0 15.0022 0 -0.999969 -0.0141916 0 0 0 0 0 0 0 0 0 0 0 0 0 0 -0.00559126 0 0.00222172 0 0.141317 0 0 0 0 0 0 0 0 0 0 0 0 0 0 0 0 0 0 -0.999977 -0.000903748 0.0132593 0 -0.0185147 0 0 0 0 0 0 0 0 -0.994646 0 0 0 0 0 0 -0.0199336 0 0 0 0 
-74 0 0 0 0.0117958 0 0 0 0 0 0 0 0.999989 0 0 0 0 0 0.00209811 0 0.999985 0 0.998277 0 0 0 0 0 0 0 0 38.0204 0 0 -0.0141804 0 0 0 0 0 0 0 0 0 0 0 0 0 0 -0.00559005 0 0.00222965 0 0.142189 0 0 0 0 0 0 0 0 0 0 0 0 0 0 0 0 0 0 -0.999977 -0.000903026 0.0134117 0 -0.0184066 0 0 0 0 0 0 0 0 0.00534768 0 0 0 0 0 0 -0.0199193 0 0 0 0 
-73 0 0 0 0.0118715 0 0 0 0 0 0 0 -1.99998 0 0 0 0 0 0.00210485 0 -0.999985 0 -2.00171 0 0 0 0 0 0 0 0 27.0133 0 0 -0.0141693 0 0 0 0 0 0 0 0 0 0 0 0 0 0 -0.00558884 0 0.00223759 0 0.143062 0 0 0 0 0 0 0 0 0 0 0 0 0 0 0 0 0 0 0 -0.000902304 0.0135641 0 -0.0182984 0 0 0 0 0 0 0 0 0.00534956 0 0 0 0 0 0 -0.016132 0 0 0 0 
-72 0 0 0 0.0119471 0 0 0 0 0 0 0 1.99998 0 0 0 0 0 0.0021116 0 0 0 1.99827 0 0 0 0 0 0 0 0 -12.0152 0 0 -0.0141581 0 0 0 0 0 0 0 0 0 0 0 0 0 0 -0.00558763 0 0.00224552 0 0.143934 0 0 0 0 0 0 0 0 0 0 0 0 0 0 0 0 0 0 0 0.999089 0.0137165 0 -0.0285912 0 0 0 0 0 0 0 0 2.00534 0 0 0 0 0 0 -0.0161177 0 0 0 0 
-71 0 0 0 0.0120227 0 0 0 0 0 0 0 0.999989 0 0 0 0 0 0.00211835 0 0 0 4.99825 0 0 0 0 0 0 0 0 -41.0306 0 0 -0.014147 0 0 0 0 0 0 0 0 0 0 0 0 0 0 -0.00558642 0 0.00225346 0 0.144806 0 0 0 0 0 0 0 0 0 0 0 0 0 0 0 0 0 0 0 -0.000900861 0.0138689 0 -0.028483 0 0 0 0 0 0 0 0 0.00535333 0 0 0 0 0 0 -0.0161035 0 0 0 0 
-70 0 0 0 0.0120983 0 0 0 0 0 0 0 0 0 0 0 0 0 0.00212509 0 -0.999985 0 0.998278 0 0 0 0 0 0 0 0 -30.0235 0 0 -0.0141359 0 0 0 0 0 0 0 0 0 0 0 0 0 0 -0.0055852 0 0.00226139 0 0.145679 0 0 0 0 0 0 0 0 0 0 0 0 0 0 0 0 0 0 0 -0.000900139 0.0140213 0 -0.0387758 0 0 0 0 0 0 0 0 -0.994637 0 0 0 0 0 0 -0.0160892 0 0 0 0 
-69 0 0 0 0.0121739 0 0 0 0 0 0 0 0 0 0 0 0 0 0.00213184 0 0 0 -1.00171 0 0 0 0 0 0 0 0 12.007 0 0 -0.0141247 0 0 0 0 0 0 0 0 0 0 0 0 0 0 -0.00558399 0 0.00226933 0 0.146551 0 0 0 0 0 0 0 0 0 0 0 0 0 0 0 0 0 0 0 0.999091 0.0141737 0 -0.0386677 0 0 0 0 0 0 0 0 2.00534 0 0 0 0 0 0 -0.016075 0 0 0 0 
-68 0 0 0 0.0122495 0 0 0 0 0 0 0 0 0 0 0 0 0 0.00213858 0 0 0 -1.00171 0 0 0 0 0 0 0 0 48.0303 0 0 -0.0141136 0 0 0 0 0 0 0 0 0 0 0 0 0 0 -0.00558278 0 0.00227726 0 0.147423 0 0 0 0 0 0 0 0 0 0 0 0 0 0 0 0 0 0 0 0.999092 0.0143261 0 -0.0385595 0 0 0 0 0 0 0 0 -0.994633 0 0 0 0 0 0 -0.0122876 0 0 0 0 
-67 1 0 0 0.0123251 0 0 0 0 0 0 0 0.999989 0 0 0 0 0 0.00214533 0 0.999985 -0.999993 -1.00171 0 0 0 0 0 0 0 0 26.0161 0 0 -0.0141024 0 0 0 0 0 0 0 0 0 0 0 0 0 0 -0.00558157 0 0.0022852 0 0.148296 0 0 0 0 0 0 0 0 0 0 0 0 0 0 0 0 0 0 -0.999977 -2.00088 0.0144785 0 -0.0488523 0 0 0 0 0 0 0 0 1.00535 0 0 0 0 0 0 -0.0122734 0 0 0 0 
-66 0 0 0 0.0124008 0 0 0 0 0 0 0 0 0 0 0 0 0 0.00215208 0 -0.999985 0 -4.00169 0 0 0 0 0 0 0 0 -23.0189 0 0 -0.0140913 0 0 0 0 0 0 0 0 0 0 0 0 0 0 -0.00558036 0 0.00229313 0 0.149168 0 0 0 0 0 0 0 0 0 0 0 0 0 0 0 0 0 0 0 -0.000897251 0.0146309 0 -0.0383431 0 0 0 0 0 0 0 0 1.00536 0 0 0 0 0 0 -0.0122591 0 0 0 0 
-65 0 0 0 0.0124764 0 0 0 0 0 0 0 -0.999989 0 0 0 0 0 0.00215882 0 0 0 -6.00168 0 0 0 0 0 0 0 0 -48.0351 0 0 -0.0140801 0 0 0 0 0 0 0 0 0 0 0 0 0 0 -0.00557915 0 0.00230107 0 0.15004 0 0 0 0 0 0 0 0 0 0 0 0 0 0 0 0 0 0 0 -0.00089653 0.0147833 0 -0.0382349 0 0 0 0 0 0 0 0 0.00536462 0 0 0 0 0 0 -0.00847177 0 0 0 0 
-64 0 0 0 0.012552 0 0 0 0 0 0 0 0 0 0 0 0 0 0.00216557 0 0 0 0.99828 0 0 0 0 0 0 0 0 -19.0163 0 0 -0.014069 0 0 0 0 0 0 0 0 0 0 0 0 0 0 -0.00557794 0 0.002309 0 0.150913 0 0 0 0 0 0 0 0 0 0 0 0 0 0 0 0 0 0 0 -1.00089 0.0149357 0 -0.0485278 0 0 0 0 0 0 0 0 -0.994626 0 0 0 0 0 0 -0.00845753 0 0 0 0 
-63 1 0 0 0.0126276 0 0 0 0 0 0 0 -0.999989 0 0 0 0 0 0.00217232 0 0 0 1.99827 0 0 0 0 0 0 0 0 28.0107 0 0 -0.0140578 0 0 0 0 0 0 0 0 0 0 0 0 0 0 -0.00557673 0 0.00231693 0 0.151785 0 0 0 0 0 0 0 0 0 0 0 0 0 0 0 0 0 0 0 -2.00088 0.0150881 0 -0.0484196 0 0 0 0 0 0 0 0 -1.99462 0 0 0 0 0 0 -0.00844329 0 0 0 0 
-62 0 0 0 0.0127032 0 0 0 0 0 0 0 0.999989 0 0 0 0 0 0.00217906 0 0.999985 0 3.99826 0 0 0 0 0 0 0 0 40.0152 0 0 -0.0140467 0 0 0 0 0 0 0 0 0 0 0 0 0 0 -0.00557552 0 0.00232487 0 0.152657 0 0 0 0 0 0 0 0 0 0 0 0 0 0 0 0 0 0 0 -1.00089 0.0152405 0 -1.04829 0 0 0 0 0 0 0 0 0.00537026 0 0 0 0 0 0 -0.00842905 0 0 0 0 
-61 0 0 0 0.0127788 0 0 0 0 0 0 0 -0.999989 0 0 0 0 0 0.00218581 0 0 -0.999993 -1.00171 0 0 0 0 0 0 0 0 18.0043 0 0 -0.0140355 0 0 0 0 0 0 0 0 0 0 0 0 0 0 0.994415 0 0.0023328 0 0.15353 0 0 0 0 0 0 0 0 0 0 0 0 0 0 0 0 0 0 0 -1.00088 0.0153929 0 -0.0378022 0 0 0 0 0 0 0 0 0.00537214 0 0 0 0 0 0 -0.00841481 0 0 0 0 
-60 0 0 0 0.0128544 0 0 0 0 0 0 0 -0.999989 0 0 0 0 0 0.00219256 0 0 0 1.99828 0 0 0 0 0 0 0 0 -25.0201 0 0 -0.0140244 0 0 0 0 0 0 0 0 0 0 0 0 0 0 -0.0055731 0 0.00234074 0 0.154402 0 0 0 0 0 0 0 0 0 0 0 0 0 0 0 0 0 0 0 -1.00088 0.0155453 0 -0.037694 0 0 0 0 0 0 0 0 0.00537403 0 0 0 0 0 0 -0.00840058 0 0 0 0 
-59 0 0 0 0.0129301 0 0 0 0.00999832 0 0 0 -1.99998 0 0 0 0 0 0.0021993 0 0.999985 0 -3.0017 0 0 0 0 0 0 0 0 -31.0207 0 0 -0.0140132 0 0 0 0 0 0 0 0 0 0 0 0 0 0 -0.00557189 0 0.00234867 0 0.155274 0 0 0 0 0 0 0 0 0 0 0 0 0 0 0 0 0 0 0 -0.000892199 0.0156977 0 -0.0375858 0 0 0 0 0 0 0 0 1.00537 0 0 0 0 0 0 -0.00838634 0 0 0 0 
-58 1 0 0 0.0130057 0 0 0 0.0199966 0 0 0 0 0 0 0 0 0 0.00220605 0 -0.999985 0.999993 -3.0017 0 0 0 0 0 0 0 0 -14.013 0 0 -0.0140021 0 0 0 0 0 0 0 0 0 0 0 0 0 0 0.994418 0 0.00235661 0 0.156147 0 0 0 0 0 0 0 0 0 0 0 0 0 0 0 0 0 0 0 -0.000891477 0.0158502 0 -0.0374777 0 0 0 0 0 0 0 0 -0.994614 0 0 0 0 0 0 -0.0083721 0 0 0 0 
-57 1 0 0 0.0130813 0 0 0 0.029995 0 0 0 0 0 0 0 0 0 0.00221279 0 1.99997 -0.999993 -1.00171 0 0 0 0 0 0 0 0 15.0024 0 0 -0.0139909 0 0 0 0 0 0 0 0 0 0 0 0 0 0 0.994419 0 0.00236454 0 0.157019 0 0 0 0 0 0 0 0 0 0 0 0 0 0 0 0 0 0 0 -1.00088 0.0160026 0 -1.03735 0 0 0 0 0 0 0 0 0.00537967 0 0 0 0 0 0 -0.00835786 0 0 0 0 
-56 0 0 0 0.0131569 0 0 0 0.0399933 0 0 0 -1.99998 0 0 0 0 0 0.00221954 0 0 0.999993 -1.00171 0 0 0 0 0 0 0 0 30.0088 0 0 -0.0139798 0 0 0 0 0 0 0 0 0 0 0 0 0 0 -1.00556 0 0.00237248 0 0.157891 0 0 0 0 0 0 0 0 0 0 0 0 0 0 0 0 0 0 0 -0.000890033 0.016155 0 -0.0372613 0 0 0 0 0 0 0 0 -0.994611 0 0 0 0 0 0 -0.00834362 0 0 0 0 
-55 0 0 0 0.0132325 0 0 0 0.0499916 0 0 0 0 0 0 0 0 0 0.00222629 0 0.999985 0 -0.00171148 0 0 0 0 0 0 0 0 17.0037 0 0 -0.0139686 0 0 0 0 0 0 0 0 0 0 0 0 0 0 -1.00556 0 0.00238041 0 0.158763 0 0 0 0 0 0 0 0 0 0 0 0 0 0 0 0 0 0 0 -0.000889311 0.0163074 0 -0.0371531 0 0 0 0 0 0 0 0 0.00538343 0 0 0 0 0 0 -0.00832938 0 0 0 0 
-54 0 0 0 0.0133081 0 0 0 0.0599899 0 0 0 -1.99998 0 0 0 0 0 0.00223303 0 0 0.999993 -4.00169 0 0 0 0 0 0 0 0 -24.0194 0 0 -0.0139575 0 0 0 0 0 0 0 0 0 0 0 0 0 0 1.99441 0 0.00238835 0 0.159636 0 0 0 0 0 0 0 0 0 0 0 0 0 0 0 0 0 0 0 -0.000888589 0.0164598 0 -1.03703 0 0 0 0 0 0 0 0 0.00538532 0 0 0 0 0 0 -0.00831515 0 0 0 0 
-53 1 0 0 0.0133837 0 0 0 0.0699882 0 0 0 -0.999989 0 0 0 0 0 0.00223978 0 0.999985 -1.99999 -1.00171 0 0 0 0 0 0 0 0 -27.018 0 0 -0.0139463 0 0 0 0 0 0 0 0 0 0 0 0 0 0 0.994424 0 0.00239628 0 0.160508 0 0 0 0 0 0 0 0 0 0 0 0 0 0 0 0 0 0 0 -0.000887867 0.0166122 0 -0.0369367 0 0 0 0 0 0 0 0 -0.994605 0 0 0 0 0 0 -0.00830091 0 0 0 0 
-52 0 0 0 0.0134594 0 0 0 0.0799866 0 0 0 0 0 0 0 0 0 0.00224653 0 0 0.999993 -0.00171053 0 0 0 0 0 0 0 0 -4.00648 0 0 -0.0139352 0 0 0 0 0 0 0 0 0 0 0 0 0 0 -2.00554 0 0.00240422 0 0.16138 0 0 0 0 0 0 0 0 0 0 0 0 0 0 0 0 0 0 0 -0.000887146 0.0167646 0 -0.0368286 0 0 0 0 0 0 0 0 0.00538908 0 0 0 0 0 0 -0.00828667 0 0 0 0 
-51 0 0 0 0.013535 0 0 0 0.0899849 0 0 0 -4.99994 0 0 0 0 0 0.00225327 0 0.999985 0 0.998284 0 0 0 0 0 0 0 0 27.0102 0 0 -0.013924 0 0 0 0 0 0 0 0 0 0 0 0 0 0 -2.00554 0 0.00241215 0 0.162253 0 0 0 0 0 0 0 0 0 0 0 0 0 0 0 0 0 0 0 -0.000886424 0.016917 0 -0.0367204 0 0 0 0 0 0 0 0 -0.994601 0 0 0 0 0 0 -0.00827243 0 0 0 0 
-50 1 0 0 0.0136106 0 0 0 0.0999832 0 0 0 0 0 0 0 0 0 0.00226002 0 0 -0.999993 2.99827 0 0 0 0 0 0 0 0 15.9998 0 0 -0.0139129 0 0 0 0 0 0 0 0 0 0 0 0 0 0 0.994428 0 0.00242009 0 0.163125 0 0 0 0 0 0 0 0 0 0 0 0 0 0 0 0 0 0 0 -0.000885702 0.0170694 0 -0.0366122 0 0 0 0 0 0 0 0 0.00539284 0 0 0 0 0 0 -0.00825819 0 0 0 0 
-49 0 0 0 0.0136862 0 0 0 0.109982 0 0 0 -0.999989 0 0 0 0 0 0.00226676 0 0.999985 0.999993 1.99828 0 0 0 0 0 0 0 0 -7.01171 0 0.999969 -0.0139017 0 0 0 0 0 0 0 0 0 0 0 0 0 0 -0.00555979 0 0.00242802 0 0.163997 0 0 0 0 0 0 0 0 0 0 0 0 0 0 0 0 0 0 0 -0.00088498 0.0172218 0 -1.03649 0 0 0 0 0 0 0 0 0.00539472 0 0 0 0 0 0 -0.00824395 0 0 0 0 
-48 1 0 0 0.0137618 0 0 0 0.11998 0 0 0 -1.99998 0 0 0 0 0 0.00227351 0 0.999985 0.999993 -5.00168 0 0 0 0 0 0 0 0 -22.0181 0 0 -0.0138906 0 0 0 0 0 0 0 0 0 0 0 0 0 0 -2.00554 0 0.00243596 0 0.16487 0 0 0 0 0 0 0 0 0 0 0 0 0 0 0 0 0 0 0 -0.000884258 0.0173742 0 -0.0363958 0 0 0 0 0 0 0 0 0.00539661 0 0 0 0 0 0 -0.00822972 0 0 0 0 
-47 -1 0 0 0.0138374 0 0 0 0.129978 0 0 0 0 0 0 0 0 0 0.00228026 0 0.999985 0 -4.00169 0 0 0 0 0 0 0 0 -5.00375 0 0 -0.0138794 0 0 0 0 0 0 0 0 0 0 0 0 0 0 -0.00555737 0 0.00244389 0 0.165742 0 0 0 0 0 0 0 0 0 0 0 0 0 0 0 0 0 0 0 0.999107 0.0175266 0 -0.0362876 0 0 0 0 0 0 0 0 0.00539849 0 0 0 0 0 0 -0.00821548 0 0 0 0 
-46 1 0 0 0.013913 0 0 0 0.139976 0 0 0 -3.99995 0 0 0 0 0 0.002287 0 -0.999985 -0.999993 -1.0017 0 0 0 0 0 0 0 0 10.0026 0 0.999969 -0.0138683 0 0 0 0 0 0 0 0 0 0 0 0 0 0 1.99442 0 0.00245182 0 0.166614 0 0 0 0 0 0 0 0 0 0 0 0 0 0 0 0 0 0 0 -1.00087 0.017679 0 0.963804 0 0 0 0 0 0 0 0 0.00540037 0 0 0 0 0 0 -0.00820124 0 0 0 0 
-45 0 0 0 0.0139887 0 0 0 0.149975 0 0 0 0 0 0 0 0 0 0.00229375 0 1.99997 -0.999993 -0.0017083 0 0 0 0 0 0 0 0 13.0013 0 0.999969 -0.0138571 0 0 0 0 0 0 0 0 0 0 0 0 0 0 -1.00554 0 0.00245976 0 0.167487 0 0 0 0 0 0 0 0 0 0 0 0 0 0 0 0 0 0 0 -0.000882093 0.0178314 0 -0.0360713 0 0 0 0 0 0 0 0 1.00539 0 0 0 0 0 0 -0.008187 0 0 0 0 
-44 0 0 0 0.0140643 0 0 0 0.159973 0 0 0 -1.99998 0 0 0 0 0 0.0023005 0 0.999985 -0.999993 2.99827 0 0 0 0 0 0 0 0 1.99083 0 0 -0.013846 0 0 0 0 0 0 0 0 0 0 0 0 0 0 -1.00554 0 0.00246769 0 0.168359 0 0 0 0 0 0 0 0 0 0 0 0 0 0 0 0 0 0 0 -0.000881371 0.0179838 0 0.96402 0 0 0 0 0 0 0 0 1.0054 0 0 0 0 0 0 -0.00817276 0 0 0 0 
-43 0 0 0 0.0141399 0 0 0 0.169971 0 0 0 -0.999989 0 0 0 0 0 0.00230724 0 -0.999985 0 -1.0017 0 0 0 0 0 0 0 0 -11.0142 0 0.999969 -0.0138349 0 0 0 0 0 0 0 0 0 0 0 0 0 0 -1.00554 0 0.00247563 0 0.169231 0 0 0 0 0 0 0 0 0 0 0 0 0 0 0 0 0 0 0 -1.00087 0.0181362 0 -0.0358549 0 0 0 0 0 0 0 0 0.00540601 0 0 0 0 0 0 -0.00815853 0 0 0 0 
-42 0 0 0 0.0142155 0 0 0 0.17997 0 0 0 -0.999989 0 0 0 0 0 0.00231399 0 0 -0.999993 -4.00168 0 0 0 0 0 0 0 0 -12.0115 0 0 -0.0138237 0 0 0 0 0 0 0 0 0 0 0 0 0 0 2.99442 0 0.00248356 0 0.170104 0 0 0 0 0 0 0 0 0 0 0 0 0 0 0 0 0 0 0 -0.000879927 0.0182886 0 -0.0357467 0 0 0 0 0 0 0 0 0.0054079 0 0 0 0 0 0 -0.00814429 0 0 0 0 
-41 1 0 0 0.0142911 0 0 0 0.189968 0 0 0 -3.99995 0 0 0 0 0 0.00232074 0 0.999985 2.99998 -5.00168 0 0 0 0 0 0 0 0 1.00019 0 0 -0.0138126 0 0 0 0 0 0 0 0 0 0 0 0 0 0 0.994439 0 0.0024915 0 0.170976 0 0 0 0 0 0 0 0 0 0 0 0 0 0 0 0 0 0 0 -0.000879205 0.018441 0 0.964345 0 0 0 0 0 0 0 0 -0.994583 0 0 0 0 0 0 -0.00813005 0 0 0 0 
-40 -1 0 0 0.0143667 0 0 0 0.199966 0 0 0 0 0 0 0 0 0 0.00232748 0 0 0.999993 -2.0017 0 0 0 0 0 0 0 0 20.0092 0 0.999969 -0.0138014 0 0 0 0 0 0 0 0 0 0 0 0 0 0 1.99443 0 0.00249943 0 0.171848 0 0 0 0 0 0 0 0 0 0 0 0 0 0 0 0 0 0 0 0.999112 0.0185934 0 -1.03551 0 0 0 0 0 0 0 0 0.00541166 0 0 0 0 0 0 -0.00811581 0 0 0 0 
-39 0 0 0 0.0144423 0 0 0 0.209965 0 0 0 -0.999989 0 0 0 0 0 0.00233423 0 -0.999985 0 -7.00167 0 0 0 0 0 0 0 0 8.99873 0 0 -0.0137903 0 0 0 0 0 0 0 0 0 0 0 0 0 0 2.99442 0 0.00250737 0 0.172721 0 0 0 0 0 0 0 0 0 0 0 0 0 0 0 0 0 0 0 -3.00085 0.0187459 0 0.964561 0 0 0 0 0 0 0 0 2.0054 0 0 0 0 0 0 -0.00810157 0 0 0 0 
-38 0 0 0 0.014518 0 0 0 0.219963 0 0 0 -0.999989 0 0 0 0 0 0.00234097 0 2.99995 1.99999 -2.00169 0 0 0 0 0 0 0 0 -8.00891 0 0 -0.0137791 0 0 0 0 0 0 0 0 0 0 0 0 0 0 0.994442 0 0.0025153 0 0.173593 0 0 0 0 0 0 0 0 0 0 0 0 0 0 0 0 0 0 0 -1.00087 0.0188983 0 -0.035314 0 0 0 0 0 0 0 0 1.00541 0 0 0 0 0 0 -0.00808733 0 0 0 0 
-37 -1 0 0 0.0145936 0 0 0 0.229961 0 0 0 -1.99998 0 0 0 0 0 0.00234772 0 0.999985 -0.999993 -3.00169 0 0 0 0 0 0 0 0 -22.0146 0 0 -0.013768 0 0 0 0 0 0 0 0 0 0 0 0 0 0 -2.00552 0 0.00252324 0 0.174465 0 0 0 0 0 0 0 0 0 0 0 0 0 0 0 0 0 0 0 -0.000876318 0.0190507 0 -0.0352058 0 0 0 0 0 0 0 0 0.0054173 0 0 0 0 0 0 -1.00796 0 0 0 0 
-36 0 0 0 0.0146692 0 0 0 0.23996 0 0 0 -2.99997 0 0 0 0 0 0.00235447 0 0 -3.99997 -3.00169 0 0 0 0 0 0 0 0 -1.00437 0 0 -0.0137568 0 0 0 0 0 0 0 0 0 0 0 0 0 0 -2.00552 0 0.00253117 0 0.175338 0 0 0 0 0 0 0 0 0 0 0 0 0 0 0 0 0 0 0 -0.000875596 0.0192031 0 0.964886 0 0 0 0 0 0 0 0 1.00541 0 0 0 0 0 0 -0.00805886 0 0 0 0 
-35 0 0 0 0.0147448 0 0 0 0.249958 0 0 0 0 0 0 0 0 0 0.00236121 0 -0.999985 0.999993 1.99828 0 0 0 0 0 0 0 0 7.99813 0 0 -0.0137457 0 0 0 0 0 0 0 0 0 0 0 0 0 0 -1.00553 0 0.00253911 0 0.17621 0 0 0 0 0 0 0 0 0 0 0 0 0 0 0 0 0 0 0 -0.000874874 0.0193555 0 -0.0349894 0 0 0 0 0 0 0 0 0.00542107 0 0 0 0 0 0 -1.00793 0 0 0 0 
-34 0 0 0 0.0148204 0 0 0 0.259956 0 0 0 -3.99995 0 0 0 0 0 0.00236796 0 0.999985 -0.999993 6.99826 0 0 0 0 0 0 0 0 16.0066 0 -0.999969 -0.0137345 0 0 0 0 0 0 0 0 0 0 0 0 0 0 -0.00554164 0 0.00254704 0 0.177082 0 0 0 0 0 0 0 0 0 0 0 0 0 0 0 0 0 0 0 -1.00086 0.0195079 0 -0.0348813 0 0 0 0 0 0 0 0 0.00542295 0 0 0 0 0 0 -1.00791 0 0 0 0 
-33 0 0 0 0.014896 0 0 0 0.269955 0 0 0 -2.99997 0 0 0 0 0 0.00237471 0 0.999985 0 -1.0017 0 0 0 0 0 0 0 0 7.00416 0 0 -0.0137234 0 0 0 0 0 0 0 0 0 0 0 0 0 0 0.994448 0 0.00255498 0 0.177955 0 0 0 0 0 0 0 0 0 0 0 0 0 0 0 0 0 0 0 -1.00086 0.0196603 0 -1.03476 0 0 0 0 0 0 0 0 0.00542483 0 0 0 0 0 0 -0.00801614 0 0 0 0 
-32 0 0 0 0.0149716 0 0 0 0.279953 0 0 0 0 0 0 0 0 0 0.00238145 0 0.999985 -1.99999 -4.00168 0 0 0 0 0 0 0 0 -6.00755 0 -0.999969 -0.0137122 0 0 0 0 0 0 -0.99999 0 0 0 0 0 0 0 -1.00553 0 0.00256291 0 0.178827 0 0 0 0 0 0 0 0 0 0 0 0 0 0 0 0 0 0 0 -2.00085 0.0198127 0 -0.0346649 0 0 0 0 0 0 0 0 1.00542 0 0 0 0 0 0 -2.00777 0 0 0 0 
-31 0 0 0 0.0150473 0 0 0 0.289951 0 0 0 0.999989 0 0 0 0 0 0.0023882 0 -2.99995 0.999993 0.99829 0 0 0 0 0 0 0 0 -19.0193 0 0 -0.0137011 0 0 0 0 0 0 0 0 0 0 0 0 0 0 -1.00553 0 0.00257085 0 0.179699 0 0 0 0 0 0 0 0 0 0 0 0 0 0 0 0 0 0 0 -1.00086 0.0199651 0 0.965427 0 0 0 0 0 0 0 0 0.00542859 0 0 0 0 0 0 -0.00798767 0 0 0 0 
-30 -2 0 0 0.0151229 0 0 0 0.29995 0 0 0 0.999989 0 0 0 0 0 0.00239494 0 0.999985 -0.999993 -6.00167 0 0 0 0 0 0 0 0 -13.0121 0 -0.999969 -0.0136899 0 0 0 0 0 0 0 0 0 0 0 0 0 0 -3.0055 0 0.00257878 0 0.180572 0 0 0 0 0 0 0 0 0 0 0 0 0 0 0 0 0 0 0 -1.00086 0.0201175 0 1.96552 0 0 0 0 0 0 0 0 -0.994562 0 0 0 0 0 0 -0.00797343 0 0 0 0 
-29 0 0 0 0.0151985 0 0 0 0.309948 0 0 0 -3.99995 0 0 0 0 0 0.00240169 0 0 1.99999 -0.00170319 0 0 0 0 0 0 0 0 -2.00161 0 0 -0.0136788 0 0 0 0 0 0 -0.99999 0 0 0 0 0 0 0 -1.00552 0 0.00258671 0 0.181444 0 0 0 0 0 0 0 0 0 0 0 0 0 0 0 0 0 0 0 -0.000870543 0.0202699 0 -0.0343403 0 0 0 0 0 0 0 0 0.00543236 0 0 0 0 0 0 -3.00761 0 0 0 0 
-28 0 0 0 0.0152741 0 0 0 0.319946 0 0 0 -1.99998 0 0 0 0 0 0.00240844 0 -2.99995 -1.99999 -2.00169 0 0 0 0 0 0 0 0 32.017 0 0 -0.0136676 0 0 0 0 0 0 -0.99999 0 0 0 0 0 0 0 -1.00552 0 0.00259465 0 0.182316 0 0 0 0 0 0 0 0 0 0 0 0 0 0 0 0 0 0 0.999977 -1.00086 0.0204223 0 -0.0342322 0 0 0 0 0 0 0 0 0.00543424 0 0 0 0 0 0 -0.00794495 0 0 0 0 
-27 -1 0 0 0.0153497 0 0 0 0.329945 0 0 0 0.999989 0 0 0 0 0 0.00241518 0 0.999985 1.99999 0.998292 0 0 0 0 0 0 0 0 -0.00694701 0 0 -0.0136565 0 0 0 0 0 0 0 0 0 0 0 0 0 0 0.994456 0 0.00260258 0 0.183189 0 0 0 0 0 0 0 0 0 0 0 0 0 0 0 0 0 0 0 -1.00086 0.0205747 0 -1.03411 0 0 0 0 0 0 0 0 0.00543612 0 0 0 0 0 0 -2.00769 0 0 0 0 
-26 0 0 0 0.0154253 0 0 0 0.339943 0 0 0 -3.99995 0 0 0 0 0 0.00242193 0 -1.99997 -1.99999 -0.00170224 0 0 0 0 0 0 0 0 -16.0139 0 0 -0.0136453 0 0 0 0 0 0 0 0 0 0 0 0 0 0 -0.00553195 0 0.00261052 0 0.184061 0 0 0 0 0 0 0 0 0 0 0 0 0 0 0 0 0 0 0 1.99911 0.0207271 0 -2.03398 0 0 0 0 0 0 0 0 -2.99454 0 0 0 0 0 0 -1.0078 0 0 0 0 
-25 0 0 0 0.0155009 0 0 0 0.349941 0 0 0 0.999989 0 0 0 0 0 0.00242868 0 0 1.99999 -1.0017 0 0 0 0 0 0 0 0 -10.0067 0 0 -0.0136342 0 0 0 0 0 0 -2.99997 0 0 0 0 0 0 0 0.994458 0 0.00261845 0 0.184933 0 0 0 0 0 0 0 0 0 0 0 0 0 0 0 0 0 0 0 0.999123 0.0208795 0 -0.0339076 0 0 0 0 0 0 0 0 -1.99454 0 0 0 0 0 0 -1.00778 0 0 0 0 
-24 0 0 0 0.0155766 0 0 0 0.35994 0 0 0 0 0 0 0 0 0 0.00243542 0 0 0.999993 0.998293 0 0 0 0 0 0 0 0 31.0164 0 0 -0.013623 0 0 0 0 0 0 0 0 0 0 0 0 0 0 -1.00552 0 0.00262639 0 0.185806 0 0 0 0 0 0 0 0 0 0 0 0 0 0 0 0 0 0 0 0.999124 0.0210319 0 -0.0337994 0 0 0 0 0 0 0 0 2.00543 0 0 0 0 0 0 -3.00753 0 0 0 0 
-23 -2 0 0 0.0156522 0 0 0 0.369938 0 0 0 0 0 0 0 0 0 0.00244217 0 0 0.999993 -2.00169 0 0 0 0 0 0 0 0 4.99633 0 0 -0.0136119 0 0 0 0 0 0 0 0 0 0 0 0 0 0 0.994461 0 0.00263432 0 0.186678 0 0 0 0 0 0 0 0 0 0 0 0 0 0 0 0 0 0 0 -0.000866212 0.0211843 0 0.966292 0 0 0 0 0 0 0 0 0.00544365 0 0 0 0 0 0 -0.00787376 0 0 0 0 
-22 0 0 0 0.0157278 0 0 0 0.379936 0 0 0 1.99998 0 0 0 0 0 0.00244892 0 -2.99995 -2.99998 -9.00165 0 0 0 0 0 0 0 0 -13.012 0 0 -0.0136007 0 0 0 0 0 0 -1.99998 0 0 0 0 0 0 0 1.99445 0 0.00264226 0 0.18755 0 0 0 0 0 0 0 0 0 0 0 0 0 0 0 0 0 0 0 1.99912 0.0213367 0 -0.0335831 0 0 0 0 0 0 0 0 1.00544 0 0 0 0 0 0 -3.00751 0 0 0 0 
-21 0 0 0 0.0158034 0 0 0 0.389935 0 0 0 -2.99997 0 0 0 0 0 0.00245566 0 -0.999985 -1.99999 -3.00168 0 0 0 0 0 0 0 0 -20.0132 0 0 -0.0135896 0 0 0 0 0 0 -0.99999 0 0 0 0 0 0 0 2.99444 0 0.00265019 0 0.188423 0 0 0 0 0 0 0 0 0 0 0 0 0 0 0 0 0 0 0 0.999126 0.0214891 0 -0.0334749 0 0 0 0 0 0 0 0 2.00543 0 0 0 0 0 0 -2.00761 0 0 0 0 
-20 -1 0 0 0.015879 0 0 0 0.399933 0 0 0 -0.999989 0 0 0 0 0 0.00246241 0 0 -1.99999 -3.00168 0 0 0 0 0 0 0 0 9.00227 0 0 -0.0135784 0 0 0 0 0 0 0 0 0 0 0 0 0 0 -0.00552469 0 0.00265813 0 0.189295 0 0 0 0 0 0 0 0 0 0 0 0 0 0 0 0 0 0 0.999977 -0.000864047 0.0216416 0 -1.03335 0 0 0 0 0 0 0 0 -0.994543 0 0 0 0 0 0 -0.00783105 0 0 0 0 
-19 0 0 0 0.0159546 0 0 0 0.409931 0 0 0 0 0 0 0 0 0 0.00246915 0 -2.99995 -2.99998 3.99828 0 0 0 0 0 0 0 0 -3.0088 0 -0.999969 -0.0135673 0 0 0 0 0 0 -2.99997 0 0 0 0 0 0 0 1.99445 0 0.00266606 0 0.190167 0 0 0 0 0 0 0 0 0 0 0 0 0 0 0 0 0 0 0 1.99912 0.021794 0 -2.03323 0 0 0 0 0 0 0 0 -0.994541 0 0 0 0 0 0 -4.00735 0 0 0 0 
-18 -1 0 0 0.0160302 0 0 0 0.419929 0 0 0 0.999989 0 0 0 0 0 0.0024759 0 -0.999985 -1.99999 -3.00168 0 0 0 0 0 0 0 0 11.0036 0 0 -0.0135561 0 0 0 0 0 0 -0.99999 0 0 0 0 0 0 0 1.99446 0 0.002674 0 0.19104 0 0 0 0 0 0 0 0 0 0 0 0 0 0 0 0 0 0 0.999977 0.999128 0.0219464 0 -2.03312 0 0 0 0 0 0 0 0 -2.99452 0 0 0 0 0 0 -0.00780257 0 0 0 0 
-17 1 0 0 0.0161059 0 0 0 0.429928 0 0 0 1.99998 0 0 0 0 0 0.00248265 0 -0.999985 0 3.99828 0 0 0 0 0 0 0 0 14.0089 0 -0.999969 -0.013545 0 0 0 0 0 0 0 0 0 0 0 0 0 0 -1.00551 0 0.00268193 0 0.191912 0 0 0 0 0 0 0 0 0 0 0 0 0 0 0 0 0 0 0.999977 -1.00085 0.0220988 0 -0.0330422 0 0 0 0 0 0 0 0 1.00545 0 0 0 0 0 0 -1.00767 0 0 0 0 
-16 -1 0 0 0.0161815 0 0 0 0.439926 0 0 0 -0.999989 0 0 0 0 0 0.00248939 0 -0.999985 -0.999993 1.99829 0 0 0 0 0 0 0 0 16.0068 0 -0.999969 -0.0135339 0 0 0 0 0 0 -0.99999 0 0 0 0 0 0 0 -1.00551 0 0.00268987 0 0.192784 0 0 0 0 0 0 0 0 0 0 0 0 0 0 0 0 0 0 0 -1.00085 0.0222512 0 1.96703 0 0 0 0 0 0 0 0 2.00544 0 0 0 0 0 0 -1.00766 0 0 0 0 
-15 0 0 0 0.0162571 0 0 0 0.449924 0 0 0 1.99998 0 0 0 0 0 0.00249614 0 0 0 2.99828 0 0 0 0 0 0 0 0 -51.0398 0 -0.999969 -0.0135227 0 0 0 0 0 0 -1.99998 0 0 0 0 0 0 0 2.99445 0 0.0026978 0 0.193657 0 0 0 0 0 0 0 0 0 0 0 0 0 0 0 0 0 0 0 0.99913 0.0224036 0 -1.03281 0 0 0 0 0 0 0 0 3.00544 0 0 0 0 0 0 0.992122 0 0 0 0 
-14 0 0 0 0.0163327 0 0 0 0.459923 0 0 0 1.99998 0 0 0 0 0 0.00250289 0 0.999985 0.999993 -0.00169841 0 0 0 0 0 0 0 0 -48.0345 0 -0.999969 -0.0135116 0 0 0 0 0 0 0 0 0 0 0 0 0 0 -2.0055 0 0.00270574 0 0.194529 0 0 0 0 0 0 0 0 0 0 0 0 0 0 0 0 0 0 0 -1.00085 0.022556 0 1.96725 0 0 0 0 0 0 0 0 1.00545 0 0 0 0 0 0 -2.00751 0 0 0 0 
-13 0 0 0 0.0164083 0 0 0 0.469921 0 0 0 2.99997 0 0 0 0 0 0.00250963 0 0 -0.999993 -3.00168 0 0 0 0 0 0 0 0 19.0121 0 -0.999969 -0.0135004 0 0 0 0 0 0 2.99997 0 0 0 0 0 0 0 -2.00549 0 0.00271367 0 0.195401 0 0 0 0 0 0 0 0 0 0 0 0 0 0 0 0 0 0 0.999977 -1.00085 0.0227084 0 0.967374 0 0 0 0 0 0 0 0 -0.99453 0 0 0 0 0 0 1.99203 0 0 0 0 
-12 0 0 0 0.0164839 0 0 0 0.479919 0 0 0 0.999989 0 0 0 0 0 0.00251638 0 2.99995 -0.999993 -5.00167 0 0 0 0 0 0 0 0 102.062 0 -0.999969 -0.0134893 0 0 0 0 0 0 -2.99997 0 0 0 0 0 0 0 -0.00551501 0 0.0027216 0 0.196274 0 0 0 0 0 0 0 0 0 0 0 0 0 0 0 0 0 0 0 -5.00081 0.0228608 0 -1.03248 0 0 0 0 0 0 0 0 4.00543 0 0 0 0 0 0 -0.00771714 0 0 0 0 
-11 -1 0 0 0.0165595 0 0 0 0.489918 0 0 0 -0.999989 0 0 0 0 0 0.00252313 0 0 1.99999 -4.00167 0 0 0 0 0 0 0 0 25.0094 0 -0.999969 -0.0134781 0 0 0 0 0 0 0 0 0 0 0 0 0 0 -0.0055138 0 0.00272954 0 0.197146 0 0 0 0 0 0 0 0 0 0 0 0 0 0 0 0 0 0 0 0.999133 0.0230132 0 0.96759 0 0 0 0 0 0 0 0 0.00546623 0 0 0 0 0 0 -1.00758 0 0 0 0 
-10 1 0 0 0.0166352 0 0 0 0.499916 0 0 0 2.99997 0 0 0 0 0 0.00252987 0 0 0.999993 3.99828 0 0 0 0 0 0 0 0 -52.037 0 -0.999969 0.986525 0 0 0 0 0 0 1.99998 0 0 0 0 0 0 0 -4.00547 0 0.00273747 0 0.198018 0 0 0 0 0 0 0 0 0 0 0 0 0 0 0 0 0 0 2.99993 -2.00084 0.0231656 0 1.96768 0 0 0 0 0 0 0 0 1.00546 0 0 0 0 0 0 3.99184 0 0 0 0 
-9 1 0 0 0.0167108 0 0 0 0.509914 0 0 0 0.999989 0 0 0 0 0 0.00253662 0 3.99994 -0.999993 4.99827 0 0 0 0 0 0 0 0 -83.0537 0 0 -0.0134558 0 0 0 0 0 0 0 0 0 0 0 0 0 0 -5.00546 0 0.00274541 0 0.198891 0 0 0 0 0 0 0 0 0 0 0 0 0 0 0 0 0 0 0 -2.00084 0.023318 0 1.96779 0 0 0 0 0 0 0 0 5.00543 0 0 0 0 0 0 -2.00744 0 0 0 0 
-8 0 0 0 0.0167864 0 0 0 0.519913 0 0 0 5.99993 0 0 0 0 0 0.00254336 0 3.99994 2.99998 0.998298 0 0 0 0 0 0 0 0 -3.00535 0 -0.999969 -0.0134447 0 0 0 0 0 0 0 0 0 0 0 0 0 0 0.994479 0 0.00275334 0 0.199763 0 0 0 0 0 0 0 0 0 0 0 0 0 0 0 0 0 0 0.999977 -3.00083 0.0234704 0 2.96788 0 0 0 0 0 0 0 0 2.00546 0 0 0 0 0 0 3.99187 0 0 0 0 
-7 2 0 0 0.016862 0 0 0 0.529911 0 0 0 4.99994 0 0 0 0 0 0.00255011 0 0.999985 -3.99997 9.99825 0 0 0 0 0 0 0 0 26.0101 0 0 0.986558 0 0 0 0 0 0 1.99998 0 0 0 0 0 0 0 1.99447 0 0.00276128 0 0.200635 0 0 0 0 0 0 0 0 0 0 0 0 0 0 0 0 0 0 0.999977 -0.000854663 0.0236228 0 2.96799 0 0 0 0 0 0 0 0 5.00544 0 0 0 0 0 0 1.99212 0 0 0 0 
-6 0 0 0 0.0169376 0 0 0 0.539909 0 0 0 0 0 0 0 0 0 0.00255686 0 2.99995 -0.999993 5.99827 0 0 0 0 0 0 0 0 65.0386 0 0.999969 0.986569 0 0 0 0 0 0 0.99999 0 0 0 0 0 0 0 -2.00549 0 0.00276921 0 0.201508 0 0 0 0 0 0 0 0 0 0 0 0 0 0 0 0 0 0 0.999977 -0.000853941 0.0237752 0 -1.03184 0 0 0 0 0 0 0 0 1.00547 0 0 0 0 0 0 -0.00763171 0 0 0 0 
-5 1 0 0 0.0170132 0 0 0 0.549908 0 0 0 6.99992 0 0 0 0 0 0.0025636 0 2.99995 -1.99999 -2.00168 0 0 0 0 0 0 0 0 33.0213 0 0 -0.0134112 0 0 0 0 0 0 0 0 0 0 0 0 0 0 -3.00547 0 0.00277715 0 0.20238 0 0 0 0 0 0 0 0 0 0 0 0 0 0 0 0 0 0 0 0.999137 0.0239276 0 3.96819 0 0 0 0 0 0 0 0 6.00543 0 0 0 0 0 0 4.99179 0 0 0 0 
-4 1 0 0 0.0170888 0 0 0 0.559906 0 0 0 0.999989 0 0 0 0 0 0.00257035 0 5.99991 0.999993 3.99828 0 0 0 0 0 0 0 0 -9.00918 0 0.999969 0.986591 0 0 0 0 0 0 1.99998 0 0 0 0 0 0 0 1.99447 0 0.00278508 0 0.203252 0 0 0 0 0 0 0 0 0 0 0 0 0 0 0 0 0 0 0.999977 4.9991 0.02408 0 -3.03159 0 0 0 0 0 0 0 0 4.00545 0 0 0 0 0 0 0.992279 0 0 0 0 
-3 0 0 0 0.0171645 0 0 0 0.569904 0 0 0 3.99995 0 0 0 0 0 0.0025771 0 3.99994 0 0.998299 0 0 0 0 0 0 0 0 -113.08 0 2.99991 1.98659 0 0 0 0 0 0 3.99996 0 0 0 0 0 0 0 -0.00550412 0 0.00279302 0 0.204124 0 0 0 0 0 0 0 0 0 0 0 0 0 0 0 0 0 0 0 2.99912 0.0242324 0 2.96842 0 0 0 0 0 0 0 0 2.00684 0 0 0 0 0.999975 0 4.99182 0 0 0 0 
-2 0 0 0 0.0172401 0 0 0 0.579903 0 0 0 1.99998 0 0 0 0 0 0.00258384 0 1.99997 2.99998 0.9983 0 0 0 0 0 0 0 0 -81.0557 0 1.99994 -0.0133778 0 0 0 0 0 0 0 0 0 0 0 0 0 0 -3.00547 0 0.00280095 0 0.204997 0 0 0 0 0 0 0 0 0 0 0 0 0 0 0 0 0 0 0 1.99913 0.0243848 0 2.96853 0 0 0 0 0 0 0 0 1.00685 0 0 0 0 0 0 2.99207 0 0 0 0 
-1 0 0 0 0.0173157 0 0 0 0.589901 0 0 0 0 0 0 0 0 0 0.00259059 0 0 0.999993 -0.00169427 0 0 0 0 0 0 0 0 40.0258 0 0 -0.0133666 0 0 0 0 0 0 0 0 0 0 0 0 0 0 1.99448 0 0.00280889 0 0.205869 0 0 0 0 0 0 0 0 0 0 0 0 0 0 0 0 0 0 0 -0.000850332 0.0245373 0 0.968672 0 0 0 0 0 0 0 0 0.00822851 0 0 0 0 0 0 -0.00756052 0 0 0 0 
0 8 0 0 0.0173913 0 0 0 0.599899 0 0 0 27.9997 0 0 0 0 0 0.00259733 0 23.9996 29.9998 89.9978 0 0 0 0 0 0 0 0 195.123 0 8.99972 3.98661 0 0 0 0 0 0 9.9999 0 0 0 0 0 0 0 18.9943 0 0.00281682 0 0.206741 0 0 0 0 0 0 0 0 0 0 0 0 0 0 0 0 0 0 7.99982 32.9988 0.0246897 0 20.9684 0 0 0 0 0 0 0.99997 0 36.008 0 0 0 0 1.99995 0 11.991 0 0 0 0 
1 0 0 0 0.0173157 0 0 0 0.589901 0 0 0 0 0 0 0 0 0 0.00259059 0 0 0.999993 -0.00169427 0 0 0 0 0 0 0 0 40.0258 0 0 -0.0133666 0 0 0 0 0 0 0 0 0 0 0 0 0 0 1.99448 0 0.00280889 0 0.205869 0 0 0 0 0 0 0 0 0 0 0 0 0 0 0 0 0 0 0 -0.000850332 0.0245373 0 0.968672 0 0 0 0 0 0 0 0 0.00822851 0 0 0 0 0 0 -0.00756052 0 0 0 0 
2 0 0 0 0.0172401 0 0 0 0.579903 0 0 0 1.99998 0 0 0 0 0 0.00258384 0 1.99997 2.99998 0.9983 0 0 0 0 0 0 0 0 -81.0557 0 1.99994 -0.0133778 0 0 0 0 0 0 0 0 0 0 0 0 0 0 -3.00547 0 0.00280095 0 0.204997 0 0 0 0 0 0 0 0 0 0 0 0 0 0 0 0 0 0 0 1.99913 0.0243848 0 2.96853 0 0 0 0 0 0 0 0 1.00685 0 0 0 0 0 0 2.99207 0 0 0 0 
3 0 0 0 0.0171645 0 0 0 0.569904 0 0 0 3.99995 0 0 0 0 0 0.0025771 0 3.99994 0 0.998299 0 0 0 0 0 0 0 0 -113.08 0 2.99991 1.98659 0 0 0 0 0 0 3.99996 0 0 0 0 0 0 0 -0.00550412 0 0.00279302 0 0.204124 0 0 0 0 0 0 0 0 0 0 0 0 0 0 0 0 0 0 0 2.99912 0.0242324 0 2.96842 0 0 0 0 0 0 0 0 2.00684 0 0 0 0 0.999975 0 4.99182 0 0 0 0 
4 1 0 0 0.0170888 0 0 0 0.559906 0 0 0 0.999989 0 0 0 0 0 0.00257035 0 5.99991 0.999993 3.99828 0 0 0 0 0 0 0 0 -9.00918 0 0.999969 0.986591 0 0 0 0 0 0 1.99998 0 0 0 0 0 0 0 1.99447 0 0.00278508 0 0.203252 0 0 0 0 0 0 0 0 0 0 0 0 0 0 0 0 0 0 0.999977 4.9991 0.02408 0 -3.03159 0 0 0 0 0 0 0 0 4.00545 0 0 0 0 0 0 0.992279 0 0 0 0 
5 1 0 0 0.0170132 0 0 0 0.549908 0 0 0 6.99992 0 0 0 0 0 0.0025636 0 2.99995 -1.99999 -2.00168 0 0 0 0 0 0 0 0 33.0213 0 0 -0.0134112 0 0 0 0 0 0 0 0 0 0 0 0 0 0 -3.00547 0 0.00277715 0 0.20238 0 0 0 0 0 0 0 0 0 0 0 0 0 0 0 0 0 0 0 0.999137 0.0239276 0 3.96819 0 0 0 0 0 0 0 0 6.00543 0 0 0 0 0 0 4.99179 0 0 0 0 
6 0 0 0 0.0169376 0 0 0 0.539909 0 0 0 0 0 0 0 0 0 0.00255686 0 2.99995 -0.999993 5.99827 0 0 0 0 0 0 0 0 65.0386 0 0.999969 0.986569 0 0 0 0 0 0 0.99999 0 0 0 0 0 0 0 -2.00549 0 0.00276921 0 0.201508 0 0 0 0 0 0 0 0 0 0 0 0 0 0 0 0 0 0 0.999977 -0.000853941 0.0237752 0 -1.03184 0 0 0 0 0 0 0 0 1.00547 0 0 0 0 0 0 -0.00763171 0 0 0 0 
7 2 0 0 0.016862 0 0 0 0.529911 0 0 0 4.99994 0 0 0 0 0 0.00255011 0 0.999985 -3.99997 9.99825 0 0 0 0 0 0 0 0 26.0101 0 0 0.986558 0 0 0 0 0 0 1.99998 0 0 0 0 0 0 0 1.99447 0 0.00276128 0 0.200635 0 0 0 0 0 0 0 0 0 0 0 0 0 0 0 0 0 0 0.999977 -0.000854663 0.0236228 0 2.96799 0 0 0 0 0 0 0 0 5.00544 0 0 0 0 0 0 1.99212 0 0 0 0 
8 0 0 0 0.0167864 0 0 0 0.519913 0 0 0 5.99993 0 0 0 0 0 0.00254336 0 3.99994 2.99998 0.998298 0 0 0 0 0 0 0 0 -3.00535 0 -0.999969 -0.0134447 0 0 0 0 0 0 0 0 0 0 0 0 0 0 0.994479 0 0.00275334 0 0.199763 0 0 0 0 0 0 0 0 0 0 0 0 0 0 0 0 0 0 0.999977 -3.00083 0.0234704 0 2.96788 0 0 0 0 0 0 0 0 2.00546 0 0 0 0 0 0 3.99187 0 0 0 0 
9 1 0 0 0.0167108 0 0 0 0.509914 0 0 0 0.999989 0 0 0 0 0 0.00253662 0 3.99994 -0.999993 4.99827 0 0 0 0 0 0 0 0 -83.0537 0 0 -0.0134558 0 0 0 0 0 0 0 0 0 0 0 0 0 0 -5.00546 0 0.00274541 0 0.198891 0 0 0 0 0 0 0 0 0 0 0 0 0 0 0 0 0 0 0 -2.00084 0.023318 0 1.96779 0 0 0 0 0 0 0 0 5.00543 0 0 0 0 0 0 -2.00744 0 0 0 0 
10 1 0 0 0.0166352 0 0 0 0.499916 0 0 0 2.99997 0 0 0 0 0 0.00252987 0 0 0.999993 3.99828 0 0 0 0 0 0 0 0 -52.037 0 -0.999969 0.986525 0 0 0 0 0 0 1.99998 0 0 0 0 0 0 0 -4.00547 0 0.00273747 0 0.198018 0 0 0 0 0 0 0 0 0 0 0 0 0 0 0 0 0 0 2.99993 -2.00084 0.0231656 0 1.96768 0 0 0 0 0 0 0 0 1.00546 0 0 0 0 0 0 3.99184 0 0 0 0 
11 -1 0 0 0.0165595 0 0 0 0.489918 0 0 0 -0.999989 0 0 0 0 0 0.00252313 0 0 1.99999 -4.00167 0 0 0 0 0 0 0 0 25.0094 0 -0.999969 -0.0134781 0 0 0 0 0 0 0 0 0 0 0 0 0 0 -0.0055138 0 0.00272954 0 0.197146 0 0 0 0 0 0 0 0 0 0 0 0 0 0 0 0 0 0 0 0.999133 0.0230132 0 0.96759 0 0 0 0 0 0 0 0 0.00546623 0 0 0 0 0 0 -1.00758 0 0 0 0 
12 0 0 0 0.0164839 0 0 0 0.479919 0 0 0 0.999989 0 0 0 0 0 0.00251638 0 2.99995 -0.999993 -5.00167 0 0 0 0 0 0 0 0 102.062 0 -0.999969 -0.0134893 0 0 0 0 0 0 -2.99997 0 0 0 0 0 0 0 -0.00551501 0 0.0027216 0 0.196274 0 0 0 0 0 0 0 0 0 0 0 0 0 0 0 0 0 0 0 -5.00081 0.0228608 0 -1.03248 0 0 0 0 0 0 0 0 4.00543 0 0 0 0 0 0 -0.00771714 0 0 0 0 
13 0 0 0 0.0164083 0 0 0 0.469921 0 0 0 2.99997 0 0 0 0 0 0.00250963 0 0 -0.999993 -3.00168 0 0 0 0 0 0 0 0 19.0121 0 -0.999969 -0.0135004 0 0 0 0 0 0 2.99997 0 0 0 0 0 0 0 -2.00549 0 0.00271367 0 0.195401 0 0 0 0 0 0 0 0 0 0 0 0 0 0 0 0 0 0 0.999977 -1.00085 0.0227084 0 0.967374 0 0 0 0 0 0 0 0 -0.99453 0 0 0 0 0 0 1.99203 0 0 0 0 
14 0 0 0 0.0163327 0 0 0 0.459923 0 0 0 1.99998 0 0 0 0 0 0.00250289 0 0.999985 0.999993 -0.00169841 0 0 0 0 0 0 0 0 -48.0345 0 -0.999969 -0.0135116 0 0 0 0 0 0 0 0 0 0 0 0 0 0 -2.0055 0 0.00270574 0 0.194529 0 0 0 0 0 0 0 0 0 0 0 0 0 0 0 0 0 0 0 -1.00085 0.022556 0 1.96725 0 0 0 0 0 0 0 0 1.00545 0 0 0 0 0 0 -2.00751 0 0 0 0 
15 0 0 0 0.0162571 0 0 0 0.449924 0 0 0 1.99998 0 0 0 0 0 0.00249614 0 0 0 2.99828 0 0 0 0 0 0 0 0 -51.0398 0 -0.999969 -0.0135227 0 0 0 0 0 0 -1.99998 0 0 0 0 0 0 0 2.99445 0 0.0026978 0 0.193657 0 0 0 0 0 0 0 0 0 0 0 0 0 0 0 0 0 0 0 0.99913 0.0224036 0 -1.03281 0 0 0 0 0 0 0 0 3.00544 0 0 0 0 0 0 0.992122 0 0 0 0 
16 -1 0 0 0.0161815 0 0 0 0.439926 0 0 0 -0.999989 0 0 0 0 0 0.00248939 0 -0.999985 -0.999993 1.99829 0 0 0 0 0 0 0 0 16.0068 0 -0.999969 -0.0135339 0 0 0 0 0 0 -0.99999 0 0 0 0 0 0 0 -1.00551 0 0.00268987 0 0.192784 0 0 0 0 0 0 0 0 0 0 0 0 0 0 0 0 0 0 0 -1.00085 0.0222512 0 1.96703 0 0 0 0 0 0 0 0 2.00544 0 0 0 0 0 0 -1.00766 0 0 0 0 
17 1 0 0 0.0161059 0 0 0 0.429928 0 0 0 1.99998 0 0 0 0 0 0.00248265 0 -0.999985 0 3.99828 0 0 0 0 0 0 0 0 14.0089 0 -0.999969 -0.013545 0 0 0 0 0 0 0 0 0 0 0 0 0 0 -1.00551 0 0.00268193 0 0.191912 0 0 0 0 0 0 0 0 0 0 0 0 0 0 0 0 0 0 0.999977 -1.00085 0.0220988 0 -0.0330422 0 0 0 0 0 0 0 0 1.00545 0 0 0 0 0 0 -1.00767 0 0 0 0 
18 -1 0 0 0.0160302 0 0 0 0.419929 0 0 0 0.999989 0 0 0 0 0 0.0024759 0 -0.999985 -1.99999 -3.00168 0 0 0 0 0 0 0 0 11.0036 0 0 -0.0135561 0 0 0 0 0 0 -0.99999 0 0 0 0 0 0 0 1.99446 0 0.002674 0 0.19104 0 0 0 0 0 0 0 0 0 0 0 0 0 0 0 0 0 0 0.999977 0.999128 0.0219464 0 -2.03312 0 0 0 0 0 0 0 0 -2.99452 0 0 0 0 0 0 -0.00780257 0 0 0 0 
19 0 0 0 0.0159546 0 0 0 0.409931 0 0 0 0 0 0 0 0 0 0.00246915 0 -2.99995 -2.99998 3.99828 0 0 0 0 0 0 0 0 -3.0088 0 -0.999969 -0.0135673 0 0 0 0 0 0 -2.99997 0 0 0 0 0 0 0 1.99445 0 0.00266606 0 0.190167 0 0 0 0 0 0 0 0 0 0 0 0 0 0 0 0 0 0 0 1.99912 0.021794 0 -2.03323 0 0 0 0 0 0 0 0 -0.994541 0 0 0 0 0 0 -4.00735 0 0 0 0 
20 -1 0 0 0.015879 0 0 0 0.399933 0 0 0 -0.999989 0 0 0 0 0 0.00246241 0 0 -1.99999 -3.00168 0 0 0 0 0 0 0 0 9.00227 0 0 -0.0135784 0 0 0 0 0 0 0 0 0 0 0 0 0 0 -0.00552469 0 0.00265813 0 0.189295 0 0 0 0 0 0 0 0 0 0 0 0 0 0 0 0 0 0 0.999977 -0.000864047 0.0216416 0 -1.03335 0 0 0 0 0 0 0 0 -0.994543 0 0 0 0 0 0 -0.00783105 0 0 0 0 
21 0 0 0 0.0158034 0 0 0 0.389935 0 0 0 -2.99997 0 0 0 0 0 0.00245566 0 -0.999985 -1.99999 -3.00168 0 0 0 0 0 0 0 0 -20.0132 0 0 -0.0135896 0 0 0 0 0 0 -0.99999 0 0 0 0 0 0 0 2.99444 0 0.00265019 0 0.188423 0 0 0 0 0 0 0 0 0 0 0 0 0 0 0 0 0 0 0 0.999126 0.0214891 0 -0.0334749 0 0 0 0 0 0 0 0 2.00543 0 0 0 0 0 0 -2.00761 0 0 0 0 
22 0 0 0 0.0157278 0 0 0 0.379936 0 0 0 1.99998 0 0 0 0 0 0.00244892 0 -2.99995 -2.99998 -9.00165 0 0 0 0 0 0 0 0 -13.012 0 0 -0.0136007 0 0 0 0 0 0 -1.99998 0 0 0 0 0 0 0 1.99445 0 0.00264226 0 0.18755 0 0 0 0 0 0 0 0 0 0 0 0 0 0 0 0 0 0 0 1.99912 0.0213367 0 -0.0335831 0 0 0 0 0 0 0 0 1.00544 0 0 0 0 0 0 -3.00751 0 0 0 0 
23 -2 0 0 0.0156522 0 0 0 0.369938 0 0 0 0 0 0 0 0 0 0.00244217 0 0 0.999993 -2.00169 0 0 0 0 0 0 0 0 4.99633 0 0 -0.0136119 0 0 0 0 0 0 0 0 0 0 0 0 0 0 0.994461 0 0.00263432 0 0.186678 0 0 0 0 0 0 0 0 0 0 0 0 0 0 0 0 0 0 0 -0.000866212 0.0211843 0 0.966292 0 0 0 0 0 0 0 0 0.00544365 0 0 0 0 0 0 -0.00787376 0 0 0 0 
24 0 0 0 0.0155766 0 0 0 0.35994 0 0 0 0 0 0 0 0 0 0.00243542 0 0 0.999993 0.998293 0 0 0 0 0 0 0 0 31.0164 0 0 -0.013623 0 0 0 0 0 0 0 0 0 0 0 0 0 0 -1.00552 0 0.00262639 0 0.185806 0 0 0 0 0 0 0 0 0 0 0 0 0 0 0 0 0 0 0 0.999124 0.0210319 0 -0.0337994 0 0 0 0 0 0 0 0 2.00543 0 0 0 0 0 0 -3.00753 0 0 0 0 
25 0 0 0 0.0155009 0 0 0 0.349941 0 0 0 0.999989 0 0 0 0 0 0.00242868 0 0 1.99999 -1.0017 0 0 0 0 0 0 0 0 -10.0067 0 0 -0.0136342 0 0 0 0 0 0 -2.99997 0 0 0 0 0 0 0 0.994458 0 0.00261845 0 0.184933 0 0 0 0 0 0 0 0 0 0 0 0 0 0 0 0 0 0 0 0.999123 0.0208795 0 -0.0339076 0 0 0 0 0 0 0 0 -1.99454 0 0 0 0 0 0 -1.00778 0 0 0 0 
26 0 0 0 0.0154253 0 0 0 0.339943 0 0 0 -3.99995 0 0 0 0 0 0.00242193 0 -1.99997 -1.99999 -0.00170224 0 0 0 0 0 0 0 0 -16.0139 0 0 -0.0136453 0 0 0 0 0 0 0 0 0 0 0 0 0 0 -0.00553195 0 0.00261052 0 0.184061 0 0 0 0 0 0 0 0 0 0 0 0 0 0 0 0 0 0 0 1.99911 0.0207271 0 -2.03398 0 0 0 0 0 0 0 0 -2.99454 0 0 0 0 0 0 -1.0078 0 0 0 0 
27 -1 0 0 0.0153497 0 0 0 0.329945 0 0 0 0.999989 0 0 0 0 0 0.00241518 0 0.999985 1.99999 0.998292 0 0 0 0 0 0 0 0 -0.00694701 0 0 -0.0136565 0 0 0 0 0 0 0 0 0 0 0 0 0 0 0.994456 0 0.00260258 0 0.183189 0 0 0 0 0 0 0 0 0 0 0 0 0 0 0 0 0 0 0 -1.00086 0.0205747 0 -1.03411 0 0 0 0 0 0 0 0 0.00543612 0 0 0 0 0 0 -2.00769 0 0 0 0 
28 0 0 0 0.0152741 0 0 0 0.319946 0 0 0 -1.99998 0 0 0 0 0 0.00240844 0 -2.99995 -1.99999 -2.00169 0 0 0 0 0 0 0 0 32.017 0 0 -0.0136676 0 0 0 0 0 0 -0.99999 0 0 0 0 0 0 0 -1.00552 0 0.00259465 0 0.182316 0 0 0 0 0 0 0 0 0 0 0 0 0 0 0 0 0 0 0.999977 -1.00086 0.0204223 0 -0.0342322 0 0 0 0 0 0 0 0 0.00543424 0 0 0 0 0 0 -0.00794495 0 0 0 0 
29 0 0 0 0.0151985 0 0 0 0.309948 0 0 0 -3.99995 0 0 0 0 0 0.00240169 0 0 1.99999 -0.00170319 0 0 0 0 0 0 0 0 -2.00161 0 0 -0.0136788 0 0 0 0 0 0 -0.99999 0 0 0 0 0 0 0 -1.00552 0 0.00258671 0 0.181444 0 0 0 0 0 0 0 0 0 0 0 0 0 0 0 0 0 0 0 -0.000870543 0.0202699 0 -0.0343403 0 0 0 0 0 0 0 0 0.00543236 0 0 0 0 0 0 -3.00761 0 0 0 0 
30 -2 0 0 0.0151229 0 0 0 0.29995 0 0 0 0.999989 0 0 0 0 0 0.00239494 0 0.999985 -0.999993 -6.00167 0 0 0 0 0 0 0 0 -13.0121 0 -0.999969 -0.0136899 0 0 0 0 0 0 0 0 0 0 0 0 0 0 -3.0055 0 0.00257878 0 0.180572 0 0 0 0 0 0 0 0 0 0 0 0 0 0 0 0 0 0 0 -1.00086 0.0201175 0 1.96552 0 0 0 0 0 0 0 0 -0.994562 0 0 0 0 0 0 -0.00797343 0 0 0 0 
31 0 0 0 0.0150473 0 0 0 0.289951 0 0 0 0.999989 0 0 0 0 0 0.0023882 0 -2.99995 0.999993 0.99829 0 0 0 0 0 0 0 0 -19.0193 0 0 -0.0137011 0 0 0 0 0 0 0 0 0 0 0 0 0 0 -1.00553 0 0.00257085 0 0.179699 0 0 0 0 0 0 0 0 0 0 0 0 0 0 0 0 0 0 0 -1.00086 0.0199651 0 0.965427 0 0 0 0 0 0 0 0 0.00542859 0 0 0 0 0 0 -0.00798767 0 0 0 0 
32 0 0 0 0.0149716 0 0 0 0.279953 0 0 0 0 0 0 0 0 0 0.00238145 0 0.999985 -1.99999 -4.00168 0 0 0 0 0 0 0 0 -6.00755 0 -0.999969 -0.0137122 0 0 0 0 0 0 -0.99999 0 0 0 0 0 0 0 -1.00553 0 0.00256291 0 0.178827 0 0 0 0 0 0 0 0 0 0 0 0 0 0 0 0 0 0 0 -2.00085 0.0198127 0 -0.0346649 0 0 0 0 0 0 0 0 1.00542 0 0 0 0 0 0 -2.00777 0 0 0 0 
33 0 0 0 0.014896 0 0 0 0.269955 0 0 0 -2.99997 0 0 0 0 0 0.00237471 0 0.999985 0 -1.0017 0 0 0 0 0 0 0 0 7.00416 0 0 -0.0137234 0 0 0 0 0 0 0 0 0 0 0 0 0 0 0.994448 0 0.00255498 0 0.177955 0 0 0 0 0 0 0 0 0 0 0 0 0 0 0 0 0 0 0 -1.00086 0.0196603 0 -1.03476 0 0 0 0 0 0 0 0 0.00542483 0 0 0 0 0 0 -0.00801614 0 0 0 0 
34 0 0 0 0.0148204 0 0 0 0.259956 0 0 0 -3.99995 0 0 0 0 0 0.00236796 0 0.999985 -0.999993 6.99826 0 0 0 0 0 0 0 0 16.0066 0 -0.999969 -0.0137345 0 0 0 0 0 0 0 0 0 0 0 0 0 0 -0.00554164 0 0.00254704 0 0.177082 0 0 0 0 0 0 0 0 0 0 0 0 0 0 0 0 0 0 0 -1.00086 0.0195079 0 -0.0348813 0 0 0 0 0 0 0 0 0.00542295 0 0 0 0 0 0 -1.00791 0 0 0 0 
35 0 0 0 0.0147448 0 0 0 0.249958 0 0 0 0 0 0 0 0 0 0.00236121 0 -0.999985 0.999993 1.99828 0 0 0 0 0 0 0 0 7.99813 0 0 -0.0137457 0 0 0 0 0 0 0 0 0 0 0 0 0 0 -1.00553 0 0.00253911 0 0.17621 0 0 0 0 0 0 0 0 0 0 0 0 0 0 0 0 0 0 0 -0.000874874 0.0193555 0 -0.0349894 0 0 0 0 0 0 0 0 0.00542107 0 0 0 0 0 0 -1.00793 0 0 0 0 
36 0 0 0 0.0146692 0 0 0 0.23996 0 0 0 -2.99997 0 0 0 0 0 0.00235447 0 0 -3.99997 -3.00169 0 0 0 0 0 0 0 0 -1.00437 0 0 -0.0137568 0 0 0 0 0 0 0 0 0 0 0 0 0 0 -2.00552 0 0.00253117 0 0.175338 0 0 0 0 0 0 0 0 0 0 0 0 0 0 0 0 0 0 0 -0.000875596 0.0192031 0 0.964886 0 0 0 0 0 0 0 0 1.00541 0 0 0 0 0 0 -0.00805886 0 0 0 0 
37 -1 0 0 0.0145936 0 0 0 0.229961 0 0 0 -1.99998 0 0 0 0 0 0.00234772 0 0.999985 -0.999993 -3.00169 0 0 0 0 0 0 0 0 -22.0146 0 0 -0.013768 0 0 0 0 0 0 0 0 0 0 0 0 0 0 -2.00552 0 0.00252324 0 0.174465 0 0 0 0 0 0 0 0 0 0 0 0 0 0 0 0 0 0 0 -0.000876318 0.0190507 0 -0.0352058 0 0 0 0 0 0 0 0 0.0054173 0 0 0 0 0 0 -1.00796 0 0 0 0 
38 0 0 0 0.014518 0 0 0 0.219963 0 0 0 -0.999989 0 0 0 0 0 0.00234097 0 2.99995 1.99999 -2.00169 0 0 0 0 0 0 0 0 -8.00891 0 0 -0.0137791 0 0 0 0 0 0 0 0 0 0 0 0 0 0 0.994442 0 0.0025153 0 0.173593 0 0 0 0 0 0 0 0 0 0 0 0 0 0 0 0 0 0 0 -1.00087 0.0188983 0 -0.035314 0 0 0 0 0 0 0 0 1.00541 0 0 0 0 0 0 -0.00808733 0 0 0 0 
39 0 0 0 0.0144423 0 0 0 0.209965 0 0 0 -0.999989 0 0 0 0 0 0.00233423 0 -0.999985 0 -7.00167 0 0 0 0 0 0 0 0 8.99873 0 0 -0.0137903 0 0 0 0 0 0 0 0 0 0 0 0 0 0 2.99442 0 0.00250737 0 0.172721 0 0 0 0 0 0 0 0 0 0 0 0 0 0 0 0 0 0 0 -3.00085 0.0187459 0 0.964561 0 0 0 0 0 0 0 0 2.0054 0 0 0 0 0 0 -0.00810157 0 0 0 0 
40 -1 0 0 0.0143667 0 0 0 0.199966 0 0 0 0 0 0 0 0 0 0.00232748 0 0 0.999993 -2.0017 0 0 0 0 0 0 0 0 20.0092 0 0.999969 -0.0138014 0 0 0 0 0 0 0 0 0 0 0 0 0 0 1.99443 0 0.00249943 0 0.171848 0 0 0 0 0 0 0 0 0 0 0 0 0 0 0 0 0 0 0 0.999112 0.0185934 0 -1.03551 0 0 0 0 0 0 0 0 0.00541166 0 0 0 0 0 0 -0.00811581 0 0 0 0 
41 1 0 0 0.0142911 0 0 0 0.189968 0 0 0 -3.99995 0 0 0 0 0 0.00232074 0 0.999985 2.99998 -5.00168 0 0 0 0 0 0 0 0 1.00019 0 0 -0.0138126 0 0 0 0 0 0 0 0 0 0 0 0 0 0 0.994439 0 0.0024915 0 0.170976 0 0 0 0 0 0 0 0 0 0 0 0 0 0 0 0 0 0 0 -0.000879205 0.018441 0 0.964345 0 0 0 0 0 0 0 0 -0.994583 0 0 0 0 0 0 -0.00813005 0 0 0 0 
42 0 0 0 0.0142155 0 0 0 0.17997 0 0 0 -0.999989 0 0 0 0 0 0.00231399 0 0 -0.999993 -4.00168 0 0 0 0 0 0 0 0 -12.0115 0 0 -0.0138237 0 0 0 0 0 0 0 0 0 0 0 0 0 0 2.99442 0 0.00248356 0 0.170104 0 0 0 0 0 0 0 0 0 0 0 0 0 0 0 0 0 0 0 -0.000879927 0.0182886 0 -0.0357467 0 0 0 0 0 0 0 0 0.0054079 0 0 0 0 0 0 -0.00814429 0 0 0 0 
43 0 0 0 0.0141399 0 0 0 0.169971 0 0 0 -0.999989 0 0 0 0 0 0.00230724 0 -0.999985 0 -1.0017 0 0 0 0 0 0 0 0 -11.0142 0 0.999969 -0.0138349 0 0 0 0 0 0 0 0 0 0 0 0 0 0 -1.00554 0 0.00247563 0 0.169231 0 0 0 0 0 0 0 0 0 0 0 0 0 0 0 0 0 0 0 -1.00087 0.0181362 0 -0.0358549 0 0 0 0 0 0 0 0 0.00540601 0 0 0 0 0 0 -0.00815853 0 0 0 0 
44 0 0 0 0.0140643 0 0 0 0.159973 0 0 0 -1.99998 0 0 0 0 0 0.0023005 0 0.999985 -0.999993 2.99827 0 0 0 0 0 0 0 0 1.99083 0 0 -0.013846 0 0 0 0 0 0 0 0 0 0 0 0 0 0 -1.00554 0 0.00246769 0 0.168359 0 0 0 0 0 0 0 0 0 0 0 0 0 0 0 0 0 0 0 -0.000881371 0.0179838 0 0.96402 0 0 0 0 0 0 0 0 1.0054 0 0 0 0 0 0 -0.00817276 0 0 0 0 
45 0 0 0 0.0139887 0 0 0 0.149975 0 0 0 0 0 0 0 0 0 0.00229375 0 1.99997 -0.999993 -0.0017083 0 0 0 0 0 0 0 0 13.0013 0 0.999969 -0.0138571 0 0 0 0 0 0 0 0 0 0 0 0 0 0 -1.00554 0 0.00245976 0 0.167487 0 0 0 0 0 0 0 0 0 0 0 0 0 0 0 0 0 0 0 -0.000882093 0.0178314 0 -0.0360713 0 0 0 0 0 0 0 0 1.00539 0 0 0 0 0 0 -0.008187 0 0 0 0 
46 1 0 0 0.013913 0 0 0 0.139976 0 0 0 -3.99995 0 0 0 0 0 0.002287 0 -0.999985 -0.999993 -1.0017 0 0 0 0 0 0 0 0 10.0026 0 0.999969 -0.0138683 0 0 0 0 0 0 0 0 0 0 0 0 0 0 1.99442 0 0.00245182 0 0.166614 0 0 0 0 0 0 0 0 0 0 0 0 0 0 0 0 0 0 0 -1.00087 0.017679 0 0.963804 0 0 0 0 0 0 0 0 0.00540037 0 0 0 0 0 0 -0.00820124 0 0 0 0 
47 -1 0 0 0.0138374 0 0 0 0.129978 0 0 0 0 0 0 0 0 0 0.00228026 0 0.999985 0 -4.00169 0 0 0 0 0 0 0 0 -5.00375 0 0 -0.0138794 0 0 0 0 0 0 0 0 0 0 0 0 0 0 -0.00555737 0 0.00244389 0 0.165742 0 0 0 0 0 0 0 0 0 0 0 0 0 0 0 0 0 0 0 0.999107 0.0175266 0 -0.0362876 0 0 0 0 0 0 0 0 0.00539849 0 0 0 0 0 0 -0.00821548 0 0 0 0 
48 1 0 0 0.0137618 0 0 0 0.11998 0 0 0 -1.99998 0 0 0 0 0 0.00227351 0 0.999985 0.999993 -5.00168 0 0 0 0 0 0 0 0 -22.0181 0 0 -0.0138906 0 0 0 0 0 0 0 0 0 0 0 0 0 0 -2.00554 0 0.00243596 0 0.16487 0 0 0 0 0 0 0 0 0 0 0 0 0 0 0 0 0 0 0 -0.000884258 0.0173742 0 -0.0363958 0 0 0 0 0 0 0 0 0.00539661 0 0 0 0 0 0 -0.00822972 0 0 0 0 
49 0 0 0 0.0136862 0 0 0 0.109982 0 0 0 -0.999989 0 0 0 0 0 0.00226676 0 0.999985 0.999993 1.99828 0 0 0 0 0 0 0 0 -7.01171 0 0.999969 -0.0139017 0 0 0 0 0 0 0 0 0 0 0 0 0 0 -0.00555979 0 0.00242802 0 0.163997 0 0 0 0 0 0 0 0 0 0 0 0 0 0 0 0 0 0 0 -0.00088498 0.0172218 0 -1.03649 0 0 0 0 0 0 0 0 0.00539472 0 0 0 0 0 0 -0.00824395 0 0 0 0 
50 1 0 0 0.0136106 0 0 0 0.0999832 0 0 0 0 0 0 0 0 0 0.00226002 0 0 -0.999993 2.99827 0 0 0 0 0 0 0 0 15.9998 0 0 -0.0139129 0 0 0 0 0 0 0 0 0 0 0 0 0 0 0.994428 0 0.00242009 0 0.163125 0 0 0 0 0 0 0 0 0 0 0 0 0 0 0 0 0 0 0 -0.000885702 0.0170694 0 -0.0366122 0 0 0 0 0 0 0 0 0.00539284 0 0 0 0 0 0 -0.00825819 0 0 0 0 
51 0 0 0 0.013535 0 0 0 0.0899849 0 0 0 -4.99994 0 0 0 0 0 0.00225327 0 0.999985 0 0.998284 0 0 0 0 0 0 0 0 27.0102 0 0 -0.013924 0 0 0 0 0 0 0 0 0 0 0 0 0 0 -2.00554 0 0.00241215 0 0.162253 0 0 0 0 0 0 0 0 0 0 0 0 0 0 0 0 0 0 0 -0.000886424 0.016917 0 -0.0367204 0 0 0 0 0 0 0 0 -0.994601 0 0 0 0 0 0 -0.00827243 0 0 0 0 
52 0 0 0 0.0134594 0 0 0 0.0799866 0 0 0 0 0 0 0 0 0 0.00224653 0 0 0.999993 -0.00171053 0 0 0 0 0 0 0 0 -4.00648 0 0 -0.0139352 0 0 0 0 0 0 0 0 0 0 0 0 0 0 -2.00554 0 0.00240422 0 0.16138 0 0 0 0 0 0 0 0 0 0 0 0 0 0 0 0 0 0 0 -0.000887146 0.0167646 0 -0.0368286 0 0 0 0 0 0 0 0 0.00538908 0 0 0 0 0 0 -0.00828667 0 0 0 0 
53 1 0 0 0.0133837 0 0 0 0.0699882 0 0 0 -0.999989 0 0 0 0 0 0.00223978 0 0.999985 -1.99999 -1.00171 0 0 0 0 0 0 0 0 -27.018 0 0 -0.0139463 0 0 0 0 0 0 0 0 0 0 0 0 0 0 0.994424 0 0.00239628 0 0.160508 0 0 0 0 0 0 0 0 0 0 0 0 0 0 0 0 0 0 0 -0.000887867 0.0166122 0 -0.0369367 0 0 0 0 0 0 0 0 -0.994605 0 0 0 0 0 0 -0.00830091 0 0 0 0 
54 0 0 0 0.0133081 0 0 0 0.0599899 0 0 0 -1.99998 0 0 0 0 0 0.00223303 0 0 0.999993 -4.00169 0 0 0 0 0 0 0 0 -24.0194 0 0 -0.0139575 0 0 0 0 0 0 0 0 0 0 0 0 0 0 1.99441 0 0.00238835 0 0.159636 0 0 0 0 0 0 0 0 0 0 0 0 0 0 0 0 0 0 0 -0.000888589 0.0164598 0 -1.03703 0 0 0 0 0 0 0 0 0.00538532 0 0 0 0 0 0 -0.00831515 0 0 0 0 
55 0 0 0 0.0132325 0 0 0 0.0499916 0 0 0 0 0 0 0 0 0 0.00222629 0 0.999985 0 -0.00171148 0 0 0 0 0 0 0 0 17.0037 0 0 -0.0139686 0 0 0 0 0 0 0 0 0 0 0 0 0 0 -1.00556 0 0.00238041 0 0.158763 0 0 0 0 0 0 0 0 0 0 0 0 0 0 0 0 0 0 0 -0.000889311 0.0163074 0 -0.0371531 0 0 0 0 0 0 0 0 0.00538343 0 0 0 0 0 0 -0.00832938 0 0 0 0 
56 0 0 0 0.0131569 0 0 0 0.0399933 0 0 0 -1.99998 0 0 0 0 0 0.00221954 0 0 0.999993 -1.00171 0 0 0 0 0 0 0 0 30.0088 0 0 -0.0139798 0 0 0 0 0 0 0 0 0 0 0 0 0 0 -1.00556 0 0.00237248 0 0.157891 0 0 0 0 0 0 0 0 0 0 0 0 0 0 0 0 0 0 0 -0.000890033 0.016155 0 -0.0372613 0 0 0 0 0 0 0 0 -0.994611 0 0 0 0 0 0 -0.00834362 0 0 0 0 
57 1 0 0 0.0130813 0 0 0 0.029995 0 0 0 0 0 0 0 0 0 0.00221279 0 1.99997 -0.999993 -1.00171 0 0 0 0 0 0 0 0 15.0024 0 0 -0.0139909 0 0 0 0 0 0 0 0 0 0 0 0 0 0 0.994419 0 0.00236454 0 0.157019 0 0 0 0 0 0 0 0 0 0 0 0 0 0 0 0 0 0 0 -1.00088 0.0160026 0 -1.03735 0 0 0 0 0 0 0 0 0.00537967 0 0 0 0 0 0 -0.00835786 0 0 0 0 
58 1 0 0 0.0130057 0 0 0 0.0199966 0 0 0 0 0 0 0 0 0 0.00220605 0 -0.999985 0.999993 -3.0017 0 0 0 0 0 0 0 0 -14.013 0 0 -0.0140021 0 0 0 0 0 0 0 0 0 0 0 0 0 0 0.994418 0 0.00235661 0 0.156147 0 0 0 0 0 0 0 0 0 0 0 0 0 0 0 0 0 0 0 -0.000891477 0.0158502 0 -0.0374777 0 0 0 0 0 0 0 0 -0.994614 0 0 0 0 0 0 -0.0083721 0 0 0 0 
59 0 0 0 0.0129301 0 0 0 0.00999832 0 0 0 -1.99998 0 0 0 0 0 0.0021993 0 0.999985 0 -3.0017 0 0 0 0 0 0 0 0 -31.0207 0 0 -0.0140132 0 0 0 0 0 0 0 0 0 0 0 0 0 0 -0.00557189 0 0.00234867 0 0.155274 0 0 0 0 0 0 0 0 0 0 0 0 0 0 0 0 0 0 0 -0.000892199 0.0156977 0 -0.0375858 0 0 0 0 0 0 0 0 1.00537 0 0 0 0 0 0 -0.00838634 0 0 0 0 
60 0 0 0 0.0128544 0 0 0 0 0 0 0 -0.999989 0 0 0 0 0 0.00219256 0 0 0 1.99828 0 0 0 0 0 0 0 0 -25.0201 0 0 -0.0140244 0 0 0 0 0 0 0 0 0 0 0 0 0 0 -0.0055731 0 0.00234074 0 0.154402 0 0 0 0 0 0 0 0 0 0 0 0 0 0 0 0 0 0 0 -1.00088 0.0155453 0 -0.037694 0 0 0 0 0 0 0 0 0.00537403 0 0 0 0 0 0 -0.00840058 0 0 0 0 
61 0 0 0 0.0127788 0 0 0 0 0 0 0 -0.999989 0 0 0 0 0 0.00218581 0 0 -0.999993 -1.00171 0 0 0 0 0 0 0 0 18.0043 0 0 -0.0140355 0 0 0 0 0 0 0 0 0 0 0 0 0 0 0.994415 0 0.0023328 0 0.15353 0 0 0 0 0 0 0 0 0 0 0 0 0 0 0 0 0 0 0 -1.00088 0.0153929 0 -0.0378022 0 0 0 0 0 0 0 0 0.00537214 0 0 0 0 0 0 -0.00841481 0 0 0 0 
62 0 0 0 0.0127032 0 0 0 0 0 0 0 0.999989 0 0 0 0 0 0.00217906 0 0.999985 0 3.99826 0 0 0 0 0 0 0 0 40.0152 0 0 -0.0140467 0 0 0 0 0 0 0 0 0 0 0 0 0 0 -0.00557552 0 0.00232487 0 0.152657 0 0 0 0 0 0 0 0 0 0 0 0 0 0 0 0 0 0 0 -1.00089 0.0152405 0 -1.04829 0 0 0 0 0 0 0 0 0.00537026 0 0 0 0 0 0 -0.00842905 0 0 0 0 
63 1 0 0 0.0126276 0 0 0 0 0 0 0 -0.999989 0 0 0 0 0 0.00217232 0 0 0 1.99827 0 0 0 0 0 0 0 0 28.0107 0 0 -0.0140578 0 0 0 0 0 0 0 0 0 0 0 0 0 0 -0.00557673 0 0.00231693 0 0.151785 0 0 0 0 0 0 0 0 0 0 0 0 0 0 0 0 0 0 0 -2.00088 0.0150881 0 -0.0484196 0 0 0 0 0 0 0 0 -1.99462 0 0 0 0 0 0 -0.00844329 0 0 0 0 
64 0 0 0 0.012552 0 0 0 0 0 0 0 0 0 0 0 0 0 0.00216557 0 0 0 0.99828 0 0 0 0 0 0 0 0 -19.0163 0 0 -0.014069 0 0 0 0 0 0 0 0 0 0 0 0 0 0 -0.00557794 0 0.002309 0 0.150913 0 0 0 0 0 0 0 0 0 0 0 0 0 0 0 0 0 0 0 -1.00089 0.0149357 0 -0.0485278 0 0 0 0 0 0 0 0 -0.994626 0 0 0 0 0 0 -0.00845753 0 0 0 0 
65 0 0 0 0.0124764 0 0 0 0 0 0 0 -0.999989 0 0 0 0 0 0.00215882 0 0 0 -6.00168 0 0 0 0 0 0 0 0 -48.0351 0 0 -0.0140801 0 0 0 0 0 0 0 0 0 0 0 0 0 0 -0.00557915 0 0.00230107 0 0.15004 0 0 0 0 0 0 0 0 0 0 0 0 0 0 0 0 0 0 0 -0.00089653 0.0147833 0 -0.0382349 0 0 0 0 0 0 0 0 0.00536462 0 0 0 0 0 0 -0.00847177 0 0 0 0 
66 0 0 0 0.0124008 0 0 0 0 0 0 0 0 0 0 0 0 0 0.00215208 0 -0.999985 0 -4.00169 0 0 0 0 0 0 0 0 -23.0189 0 0 -0.0140913 0 0 0 0 0 0 0 0 0 0 0 0 0 0 -0.00558036 0 0.00229313 0 0.149168 0 0 0 0 0 0 0 0 0 0 0 0 0 0 0 0 0 0 0 -0.000897251 0.0146309 0 -0.0383431 0 0 0 0 0 0 0 0 1.00536 0 0 0 0 0 0 -0.0122591 0 0 0 0 
67 1 0 0 0.0123251 0 0 0 0 0 0 0 0.999989 0 0 0 0 0 0.00214533 0 0.999985 -0.999993 -1.00171 0 0 0 0 0 0 0 0 26.0161 0 0 -0.0141024 0 0 0 0 0 0 0 0 0 0 0 0 0 0 -0.00558157 0 0.0022852 0 0.148296 0 0 0 0 0 0 0 0 0 0 0 0 0 0 0 0 0 0 -0.999977 -2.00088 0.0144785 0 -0.0488523 0 0 0 0 0 0 0 0 1.00535 0 0 0 0 0 0 -0.0122734 0 0 0 0 
68 0 0 0 0.0122495 0 0 0 0 0 0 0 0 0 0 0 0 0 0.00213858 0 0 0 -1.00171 0 0 0 0 0 0 0 0 48.0303 0 0 -0.0141136 0 0 0 0 0 0 0 0 0 0 0 0 0 0 -0.00558278 0 0.00227726 0 0.147423 0 0 0 0 0 0 0 0 0 0 0 0 0 0 0 0 0 0 0 0.999092 0.0143261 0 -0.0385595 0 0 0 0 0 0 0 0 -0.994633 0 0 0 0 0 0 -0.0122876 0 0 0 0 
69 0 0 0 0.0121739 0 0 0 0 0 0 0 0 0 0 0 0 0 0.00213184 0 0 0 -1.00171 0 0 0 0 0 0 0 0 12.007 0 0 -0.0141247 0 0 0 0 0 0 0 0 0 0 0 0 0 0 -0.00558399 0 0.00226933 0 0.146551 0 0 0 0 0 0 0 0 0 0 0 0 0 0 0 0 0 0 0 0.999091 0.0141737 0 -0.0386677 0 0 0 0 0 0 0 0 2.00534 0 0 0 0 0 0 -0.016075 0 0 0 0 
70 0 0 0 0.0120983 0 0 0 0 0 0 0 0 0 0 0 0 0 0.00212509 0 -0.999985 0 0.998278 0 0 0 0 0 0 0 0 -30.0235 0 0 -0.0141359 0 0 0 0 0 0 0 0 0 0 0 0 0 0 -0.0055852 0 0.00226139 0 0.145679 0 0 0 0 0 0 0 0 0 0 0 0 0 0 0 0 0 0 0 -0.000900139 0.0140213 0 -0.0387758 0 0 0 0 0 0 0 0 -0.994637 0 0 0 0 0 0 -0.0160892 0 0 0 0 
71 0 0 0 0.0120227 0 0 0 0 0 0 0 0.999989 0 0 0 0 0 0.00211835 0 0 0 4.99825 0 0 0 0 0 0 0 0 -41.0306 0 0 -0.014147 0 0 0 0 0 0 0 0 0 0 0 0 0 0 -0.00558642 0 0.00225346 0 0.144806 0 0 0 0 0 0 0 0 0 0 0 0 0 0 0 0 0 0 0 -0.000900861 0.0138689 0 -0.028483 0 0 0 0 0 0 0 0 0.00535333 0 0 0 0 0 0 -0.0161035 0 0 0 0 
72 0 0 0 0.0119471 0 0 0 0 0 0 0 1.99998 0 0 0 0 0 0.0021116 0 0 0 1.99827 0 0 0 0 0 0 0 0 -12.0152 0 0 -0.0141581 0 0 0 0 0 0 0 0 0 0 0 0 0 0 -0.00558763 0 0.00224552 0 0.143934 0 0 0 0 0 0 0 0 0 0 0 0 0 0 0 0 0 0 0 0.999089 0.0137165 0 -0.0285912 0 0 0 0 0 0 0 0 2.00534 0 0 0 0 0 0 -0.0161177 0 0 0 0 
73 0 0 0 0.0118715 0 0 0 0 0 0 0 -1.99998 0 0 0 0 0 0.00210485 0 -0.999985 0 -2.00171 0 0 0 0 0 0 0 0 27.0133 0 0 -0.0141693 0 0 0 0 0 0 0 0 0 0 0 0 0 0 -0.00558884 0 0.00223759 0 0.143062 0 0 0 0 0 0 0 0 0 0 0 0 0 0 0 0 0 0 0 -0.000902304 0.0135641 0 -0.0182984 0 0 0 0 0 0 0 0 0.00534956 0 0 0 0 0 0 -0.016132 0 0 0 0 
74 0 0 0 0.0117958 0 0 0 0 0 0 0 0.999989 0 0 0 0 0 0.00209811 0 0.999985 0 0.998277 0 0 0 0 0 0 0 0 38.0204 0 0 -0.0141804 0 0 0 0 0 0 0 0 0 0 0 0 0 0 -0.00559005 0 0.00222965 0 0.142189 0 0 0 0 0 0 0 0 0 0 0 0 0 0 0 0 0 0 -0.999977 -0.000903026 0.0134117 0 -0.0184066 0 0 0 0 0 0 0 0 0.00534768 0 0 0 0 0 0 -0.0199193 0 0 0 0 
75 0 0 0 0.0117202 0 0 0 0 0 0 0 0.999989 0 0 0 0 0 0.00209136 0 0 0 -3.0017 0 0 0 0 0 0 0 0 15.0022 0 -0.999969 -0.0141916 0 0 0 0 0 0 0 0 0 0 0 0 0 0 -0.00559126 0 0.00222172 0 0.141317 0 0 0 0 0 0 0 0 0 0 0 0 0 0 0 0 0 0 -0.999977 -0.000903748 0.0132593 0 -0.0185147 0 0 0 0 0 0 0 0 -0.994646 0 0 0 0 0 0 -0.0199336 0 0 0 0 
76 0 0 0 0.0116446 0 0 0 0 0 0 0 0 0 0 0 0 0 0.00208461 0 0 0 2.99826 0 0 0 0 0 0 0 0 -24.0197 0 0 -0.0142027 0 0 0 0 0 0 0 0 0 0 0 0 0 0 -0.00559247 0 0.00221378 0 0.140445 0 0 0 0 0 0 0 0 0 0 0 0 0 0 0 0 0 0 0 -0.00090447 0.0131069 0 -0.0082219 0 0 0 0 0 0 0 0 1.00534 0 0 0 0 0 0 -0.0199478 0 0 0 0 
77 0 0 0 0.011569 0 0 0 0 0 0 0 1.99998 0 0 0 0 0 0.00207787 0 0 -0.999993 1.99827 0 0 0 0 0 0 0 0 -42.028 0 -0.999969 -0.0142139 0 0 0 0 0 0 0 0 0 0 0 0 0 0 -0.00559368 0 0.00220585 0 0.139572 0 0 0 0 0 0 0 0 0 0 0 0 0 0 0 0 0 0 0 -0.000905192 0.0129545 0 -0.00833008 0 0 0 0 0 0 0 0 1.00533 0 0 0 0 0 0 -0.019962 0 0 0 0 
78 0 0 0 0.0114934 0 0 0 0 0 0 0 -1.99998 0 0 0 0 0 0.00207112 0 0.999985 -0.999993 4.99825 0 0 0 0 0 0 0 0 -11.0046 0 0 -0.014225 0 0 0 0 0 0 0 0 0 0 0 0 0 0 -0.00559489 0 0.00219791 0 0.1387 0 0 0 0 0 0 0 0 0 0 0 0 0 0 0 0 0 0 0 -0.000905914 0.012802 0 0.00196275 0 0 0 0 0 0 0 0 0.00534016 0 0 0 0 0 0 -0.0199763 0 0 0 0 
79 0 0 0 0.0114178 0 0 0 0 0 0 0 0.999989 0 0 0 0 0 0.00206438 0 0 0 0.998275 0 0 0 0 0 0 0 0 33.0238 0 -0.999969 -0.0142362 0 0 0 0 0 0 0 0 0 0 0 0 0 0 -0.0055961 0 0.00218998 0 0.137828 0 0 0 0 0 0 0 0 0 0 0 0 0 0 0 0 0 0 0 -0.000906635 0.0126496 0 0.00185456 0 0 0 0 0 0 0 0 0.00533827 0 0 0 0 0 0 -0.0237637 0 0 0 0 
80 0 0 0 0.0113422 0 0 0 0 0 0 0 0.999989 0 0 0 0 0 0.00205763 0 0 0 -0.00171946 0 0 0 0 0 0 0 0 36.0257 0 0 -0.0142473 0 0 0 0 0 0 0 0 0 0 0 0 0 0 -0.00559731 0 0.00218204 0 0.136955 0 0 0 0 0 0 0 0 0 0 0 0 0 0 0 0 0 0 -0.999977 -0.000907357 0.0124972 0 0.00174638 0 0 0 0 0 0 0 0 -0.994656 0 0 0 0 0 0 -0.0237779 0 0 0 0 
81 0 0 0 0.0112665 0 0 0 0 0 0 0 0 0 0 0 0 0 0.00205088 0 0 0 1.99827 0 0 0 0 0 0 0 0 -2.99951 0 0 -0.0142585 0 0 0 0 0 0 0 0 0 0 0 0 0 0 -0.00559852 0 0.00217411 0 0.136083 0 0 0 0 0 0 0 0 0 0 0 0 0 0 0 0 0 0 0 -0.000908079 0.0123448 0 0.0120392 0 0 0 0 0 0 0 0 1.00533 0 0 0 0 0 0 -0.0237921 0 0 0 0 
82 0 0 0 0.0111909 0 0 0 0 0 0 0 0.999989 0 0 0 0 0 0.00204414 0 0.999985 0 1.99827 0 0 0 0 0 0 0 0 -31.0209 0 0 -0.0142696 0 0 0 0 0 0 0 0 0 0 0 0 0 0 -0.00559973 0 0.00216618 0 0.135211 0 0 0 0 0 0 0 0 0 0 0 0 0 0 0 0 0 0 -0.999977 -0.000908801 0.0121924 0 0.011931 0 0 0 0 0 0 0 0 2.00532 0 0 0 0 0 0 -0.0275795 0 0 0 0 
83 0 0 0 0.0111153 0 0 0 0 0 0 0 0 0 0 0 0 0 0.00203739 0 0.999985 0 -0.00172041 0 0 0 0 0 0 0 0 -26.0177 0 0 -0.0142808 0 0 0 0 0 0 0 0 0 0 0 0 0 0 -0.00560094 0 0.00215824 0 0.134338 0 0 0 0 0 0 0 0 0 0 0 0 0 0 0 0 0 0 0 0.999081 0.01204 0 0.0118228 0 0 0 0 0 0 0 0 0.00533075 0 0 0 0 0 0 -0.0275938 0 0 0 0 
84 0 0 0 0.0110397 0 0 0 0 0 0 0 0.999989 0 0 0 0 0 0.00203064 0 0 -0.999993 -2.00171 0 0 0 0 0 0 0 0 0.999718 0 0 -0.0142919 0 0 0 0 0 0 0 0 0 0 0 0 0 0 -0.00560215 0 0.00215031 0 0.133466 0 0 0 0 0 0 0 0 0 0 0 0 0 0 0 0 0 0 -0.999977 -0.000910245 0.0118876 0 0.0117147 0 0 0 0 0 0 0 0 1.00532 0 0 0 0 0 0 -0.027608 0 0 0 0 
85 0 0 0 0.0109641 0 0 0 0 0 0 0 -0.999989 0 0 0 0 0 0.0020239 0 0 0 -1.00172 0 0 0 0 0 0 0 0 27.0165 0 0.999969 -0.0143031 0 0 0 0 0 0 0 0 0 0 0 0 0 0 -0.00560336 0 0.00214237 0 0.132594 0 0 0 0 0 0 0 0 0 0 0 0 0 0 0 0 0 0 -0.999977 -0.000910966 0.0117352 0 0.0116065 0 0 0 0 0 0 0 0 -1.99466 0 0 0 0 0 0 -0.0276222 0 0 0 0 
86 0 0 0 0.0108885 0 0 0 0 0 0 0 0 0 0 0 0 0 0.00201715 0 0 0 -1.00172 0 0 0 0 0 0 0 0 30.0184 0 0 -0.0143142 0 0 0 0 0 0 0 0 0 0 0 0 0 0 -0.00560457 0 0.00213444 0 0.131721 0 0 0 0 0 0 0 0 0 0 0 0 0 0 0 0 0 0 0 -0.000911688 0.0115828 0 0.0114983 0 0 0 0 0 0 0 0 1.00532 0 0 0 0 0 0 -0.0276365 0 0 0 0 
87 0 0 0 0.0108129 0 0 0 0 0 0 0 -0.999989 0 0 0 0 0 0.0020104 0 0.999985 0 1.99827 0 0 0 0 0 0 0 0 0.999685 0 0 -0.0143254 0 0 0 0 0 0 0 0 0 0 0 0 0 0 -0.00560578 0 0.0021265 0 0.130849 0 0 0 0 0 0 0 0 0 0 0 0 0 0 0 0 0 0 0 -0.00091241 0.0114304 0 0.0113901 0 0 0 0 0 0 0 0 -1.99466 0 0 0 0 0 0 -0.0276507 0 0 0 0 
88 0 0 0 0.0107372 0 0 0 0 0 0 0 0 0 0 0 0 0 0.00200366 0 0 0 -0.00172201 0 0 0 0 0 0 0 0 -29.023 0 0.999969 -0.0143365 0 0 0 0 0 0 0 0 0 0 0 0 0 0 -0.00560699 0 0.00211857 0 0.129977 0 0 0 0 0 0 0 0 0 0 0 0 0 0 0 0 0 0 -0.999977 -0.000913132 0.011278 0 0.0112819 0 0 0 0 0 0 0 0 1.00531 0 0 0 0 0 0 -0.0238918 0 0 0 0 
89 0 0 0 0.0106616 0 0 0 0 0 0 0 0 0 0 0 0 0 0.00199691 0 0.999985 0 1.99827 0 0 0 0 0 0 0 0 -27.0218 0 0 -0.0143477 0 0 0 0 0 0 0 0 0 0 0 0 0 0 -0.0056082 0 0.00211063 0 0.129104 0 0 0 0 0 0 0 0 0 0 0 0 0 0 0 0 0 0 0 -0.000913854 0.0111256 0 0.0111738 0 0 0 0 0 0 0 0 1.00531 0 0 0 0 0 0 -0.023906 0 0 0 0 
90 0 0 0 0.010586 0 0 0 0 0 0 0 -0.999989 0 0 0 0 0 0.00199017 0 0 0 0.998272 0 0 0 0 0 0 0 0 -4.00358 0 0 -0.0143588 0 0 0 0 0 0 0 0 0 0 0 0 0 0 -0.00560941 0 0.0021027 0 0.128232 0 0 0 0 0 0 0 0 0 0 0 0 0 0 0 0 0 0 0 -0.000914576 0.0109732 0 0.0110656 0 0 0 0 0 0 0 0 0.00531758 0 0 0 0 0 0 -0.0239203 0 0 0 0 
91 0 0 0 0.0105104 0 0 0 0 0 0 0 0 0 0 0 0 0 0.00198342 0 0 0 1.99827 0 0 0 0 0 0 0 0 32.023 0 0.999969 -0.01437 0 0 0 0 0 0 0 0 0 0 0 0 0 0 -0.00561062 0 0.00209476 0 0.12736 0 0 0 0 0 0 0 0 0 0 0 0 0 0 0 0 0 0 0 -0.000915297 0.0108208 0 0.0109574 0 0 0 0 0 0 0 0 0.00531569 0 0 0 0 0 0 -0.0201614 0 0 0 0 
92 0 0 0 0.0104348 0 0 0 0 0 0 0 -0.999989 0 0 0 0 0 0.00197667 0 0.999985 0 -3.00171 0 0 0 0 0 0 0 0 30.0283 0 0 -0.0143811 0 0 0 0 0 0 0 0 0 0 0 0 0 0 -0.00561183 0 0.00208683 0 0.126487 0 0 0 0 0 0 0 0 0 0 0 0 0 0 0 0 0 0 -1.99995 -0.000916019 0.0106684 0 0.0108492 0 0 0 0 0 0 0 0 -1.99467 0 0 0 0 0 0 -0.0201756 0 0 0 0 
93 0 0 0 0.0103592 0 0 0 0 0 0 0 0 0 0 0 0 0 0.00196993 0 0 0 -0.0017236 0 0 0 0 0 0 0 0 -3.99696 0 0 -0.0143923 0 0 0 0 0 0 0 0 0 0 0 0 0 0 -0.00561304 0 0.00207889 0 0.125615 0 0 0 0 0 0 0 0 0 0 0 0 0 0 0 0 0 0 0 -0.000916741 0.010516 0 0.010741 0 0 0 0 0 0 0 0 0.00531193 0 0 0 0 0 0 -0.0164167 0 0 0 0 
94 0 0 0 0.0102836 0 0 0 0 0 0 0 0 0 0 0 0 0 0.00196318 0 0 0 -1.00172 0 0 0 0 0 0 0 0 -33.0224 0 0.999969 -0.0144034 0 0 0 0 0 0 0 0 0 0 0 0 0 0 -0.00561425 0 0.00207096 0 0.124743 0 0 0 0 0 0 0 0 0 0 0 0 0 0 0 0 0 0 0 -0.000917463 0.0103636 0 0.0106328 0 0 0 0 0 0 0 0 0.00531005 0 0 0 0 0 0 -0.016431 0 0 0 0 
95 0 0 0 0.0102079 0 0 0 0 0 0 0 0 0 0 0 0 0 0.00195643 0 0 0 0.99827 0 0 0 0 0 0 0 0 -29.0231 0 0 -0.0144146 0 0 0 0 0 0 0 0 0 0 0 0 0 0 -0.00561546 0 0.00206302 0 0.12387 0 0 0 0 0 0 0 0 0 0 0 0 0 0 0 0 0 0 -0.999977 -1.00091 0.0102112 0 0.0105247 0 0 0 0 0 0 0 0 -2.99467 0 0 0 0 0 0 -0.0126721 0 0 0 0 
96 0 0 0 0.0101323 0 0 0 0 0 0 0 -0.999989 0 0 0 0 0 0.00194969 0 0 0 -2.00171 0 0 0 0 0 0 0 0 5.99949 0 0 -0.0144257 0 0 0 0 0 0 0 0 0 0 0 0 0 0 -0.00561667 0 0.00205509 0 0.122998 0 0 0 0 0 0 0 0 0 0 0 0 0 0 0 0 0 0 0 -0.000918907 0.0100588 0 0.0104165 0 0 0 0 0 0 0 0 1.0053 0 0 0 0 0 0 -0.0126863 0 0 0 0 
97 0 0 0 0.0100567 0 0 0 0 0 0 0 -0.999989 0 0 0 0 0 0.00194294 0 0 0 3.99825 0 0 0 0 0 0 0 0 26.0157 0 0 -0.0144369 0 0 0 0 0 0 0 0 0 0 0 0 0 0 -0.00561788 0 0.00204715 0 0.122126 0 0 0 0 0 0 0 0 0 0 0 0 0 0 0 0 0 0 0 -1.00176 0.00990635 0 0.0103083 0 0 0 0 0 0 0 0 -0.994688 0 0 0 0 0 0 -0.0127005 0 0 0 0 
98 0 0 0 0.00998109 0 0 0 0 0 0 0 -0.999989 0 0 0 0 0 0.00193619 0 0 0 -2.00171 0 0 0 0 0 0 0 0 24.0177 0 0 -0.014448 0 0 0 0 0 0 0 0 0 0 0 0 0 0 -0.00561909 0 0.00203922 0 0.121253 0 0 0 0 0 0 0 0 0 0 0 0 0 0 0 0 0 0 -0.999977 -0.00176996 0.00975394 0 0.0102001 0 0 0 0 0 0 0 0 0.00530252 0 0 0 0 0 0 -0.00894163 0 0 0 0 
99 0 0 0 0.00990548 0 0 0 0 0 0 0 0.999989 0 0 0 0 0 0.00192945 0 0 0 -3.00171 0 0 0 0 0 0 0 0 3.99817 0 0 -0.0144591 0 0 0 0 0 0 0 0 0 0 0 0 0 0 -0.0056203 0 0.00203129 0 0.120381 0 0 0 0 0 0 0 0 0 0 0 0 0 0 0 0 0 0 0 -0.00177068 0.00960153 0 0.0100919 0 0 0 0 0 0 0 0 -0.99332 0 0 0 0 0 0 -0.00895587 0 0 0 0 
100 0 0 0 0.00982986 0 0 0 0 0 0 0 -0.999989 0 0 0 0 0 0.0019227 0 0 0 -1.00172 0 0 0 0 0 0 0 0 -23.0226 0 0 -0.0144703 0 0 0 0 0 0 0 0 0 0 0 0 0 0 -0.00562151 0 0.00202335 0 0.119509 0 0 0 0 0 0 0 0 0 0 0 0 0 0 0 0 0 0 0 -0.00262101 0.00944913 0 0.00998374 0 0 0 0 0 0 0 0 -0.993322 0 0 0 0 0 0 -0.00897011 0 0 0 0 
