100 10 100 10 30 Simple 1 3452.67 0.748005 6043.0 689.0 30
100 10 100 10 30 Simple 3 2520.8 0.737576 4753.0 495.0 30
100 10 100 10 30 Simple 2 5414.33 0.858173 6829.0 509.0 30
100 10 100 10 30 Simple 4 3308.63 0.769006 5498.0 509.0 30
100 10 100 10 30 Simple 5 3385.03 0.840539 5189.0 1000.0 30
100 10 100 10 30 LocalVoting 1 2957.73 0.870567 4067.0 733.0 30
100 10 100 10 30 LocalVoting 2 3442.23 0.894749 4540.0 495.0 30
100 10 100 10 30 LocalVoting 3 3451.5 0.864174 4739.0 570.0 30
100 10 100 10 30 LocalVoting 4 3237.9 0.889554 4246.0 495.0 30
100 10 100 10 30 LocalVoting 5 4500.1 0.929721 5459.0 990.0 30
100 10 100 10 30 LQF 1 3160.83 0.87592 4113.0 495.0 30
100 10 100 10 30 LQF 2 3950.8 0.990295 4248.0 2973.0 30
100 10 100 10 30 LQF 3 3140 0.944837 3800.0 1478.0 30
100 10 100 10 30 DRAND 1 37438.7 0.746621 63809.0 5759.0 30
100 10 100 10 30 LQF 4 4178 0.945483 4811.0 1199.0 30
100 10 100 10 30 DRAND 2 25378.8 0.820311 42071.0 5947.0 30
100 10 100 10 30 LQF 5 2899.03 0.958097 3322.0 1234.0 30
100 10 100 10 30 DRAND 3 25166.8 0.813869 37249.0 5259.0 30
100 10 100 10 30 DRAND 4 27273.3 0.835641 42049.0 495.0 30
100 10 100 10 30 DRAND 5 35749.6 0.886008 50567.0 6244.0 30
100 10 100 10 30 Lyui 1 27862.5 0.682715 51180.0 495.0 28
100 10 100 10 30 Lyui 2 36976.7 0.649 70420.0 1067.0 30
100 10 100 10 30 Lyui 3 19507.8 0.798351 32044.0 2114.0 30
100 10 100 10 30 Lyui 4 33176.6 0.690123 57663.0 1595.0 30
100 10 100 10 30 Lyui 5 18829.7 0.76969 31995.0 907.0 30
100 10 100 10 30 Lobats 1 4115.97 0.880067 5978.0 1242.0 30
100 10 100 10 30 Lobats 2 3312.33 0.923717 4662.0 1204.0 30
100 10 100 10 29 Simple 1 2774.79 0.74618 4855.0 498.0 29
100 10 100 10 30 Lobats 4 4248.97 0.866321 6654.0 855.0 30
100 10 100 10 29 Simple 2 3616.24 0.799282 6461.0 510.0 29
100 10 100 10 29 Simple 3 2333.83 0.745377 5110.0 510.0 29
100 10 100 10 29 Simple 4 4299.14 0.835716 6004.0 999.0 29
100 10 100 10 30 Lobats 3 3954.77 0.832063 6061.0 495.0 30
100 10 100 10 30 Lobats 5 3642.03 0.881073 5543.0 1188.0 30
100 10 100 10 29 Simple 5 3355.66 0.782113 6613.0 511.0 29
100 10 100 10 29 LocalVoting 1 3040.69 0.868205 4171.0 1034.0 29
100 10 100 10 29 LocalVoting 2 2687.07 0.856693 3889.0 545.0 29
100 10 100 10 29 LocalVoting 4 2979.03 0.863679 4182.0 558.0 29
100 10 100 10 29 LocalVoting 3 3546.66 0.909511 4436.0 530.0 29
100 10 100 10 29 LocalVoting 5 2549.21 0.899465 3630.0 979.0 29
100 10 100 10 29 LQF 1 3272.28 0.958938 3719.0 837.0 29
100 10 100 10 29 LQF 2 4547.24 0.948325 5058.0 495.0 29
100 10 100 10 29 LQF 3 3833.93 0.964385 4253.0 2238.0 29
100 10 100 10 29 DRAND 1 23847.1 0.848582 32528.0 5352.0 29
100 10 100 10 29 LQF 4 4773.62 0.988473 5033.0 3367.0 29
100 10 100 10 29 LQF 5 4355.83 0.942506 4858.0 873.0 29
100 10 100 10 29 DRAND 2 25896.2 0.812078 42749.0 495.0 29
100 10 100 10 29 DRAND 3 32642.6 0.772164 54037.0 5970.0 29
100 10 100 10 29 DRAND 4 29129.6 0.818969 47578.0 495.0 29
100 10 100 10 29 DRAND 5 24798.3 0.777241 42033.0 5983.0 29
100 10 100 10 29 Lyui 1 26682.8 0.764762 44925.0 3196.0 28
100 10 100 10 29 Lyui 2 19252 0.824027 32191.0 752.0 29
100 10 100 10 29 Lyui 3 25542 0.804846 38382.0 584.0 29
100 10 100 10 29 Lyui 4 18807.7 0.742033 32125.0 1571.0 27
100 10 100 10 29 Lyui 5 17349.3 0.7198 32026.0 797.0 29
100 10 100 10 29 Lobats 1 4419.93 0.826271 6760.0 1034.0 29
100 10 100 10 29 Lobats 2 4336.72 0.83111 7840.0 937.0 29
100 10 100 10 29 Lobats 3 4129.24 0.788563 6904.0 899.0 29
100 10 100 10 28 Simple 1 2756.14 0.807787 4802.0 495.0 28
100 10 100 10 28 Simple 2 2976.5 0.797335 5079.0 495.0 28
100 10 100 10 28 Simple 3 2827.82 0.811953 5049.0 499.0 28
100 10 100 10 28 Simple 4 2841.82 0.860044 4790.0 509.0 28
100 10 100 10 29 Lobats 4 4512.24 0.867159 6927.0 1788.0 29
100 10 100 10 28 Simple 5 2679.93 0.841188 4638.0 510.0 28
100 10 100 10 28 LocalVoting 1 3361.39 0.939015 4119.0 1034.0 28
100 10 100 10 28 LocalVoting 2 3207.29 0.893673 4061.0 610.0 28
100 10 100 10 28 LocalVoting 3 4127.68 0.895084 5452.0 664.0 28
100 10 100 10 29 Lobats 5 3847.21 0.836333 5971.0 495.0 29
100 10 100 10 28 LocalVoting 4 2813.07 0.837492 3949.0 495.0 28
100 10 100 10 28 LocalVoting 5 2663.21 0.897283 3680.0 528.0 28
100 10 100 10 28 LQF 1 3529.96 0.923955 4307.0 499.0 28
100 10 100 10 28 LQF 2 3413.39 0.87658 4294.0 495.0 28
100 10 100 10 28 LQF 3 5378.11 0.990399 5510.0 2629.0 28
100 10 100 10 28 LQF 4 3648.29 0.987396 3871.0 2561.0 28
100 10 100 10 28 DRAND 1 20606.4 0.79901 34864.0 5753.0 28
100 10 100 10 28 LQF 5 3622.25 0.970154 3958.0 1622.0 28
100 10 100 10 28 DRAND 2 28509 0.717524 48045.0 495.0 28
100 10 100 10 28 DRAND 3 17811.1 0.789467 28041.0 5545.0 28
100 10 100 10 28 DRAND 4 44657.1 0.672778 78128.0 5976.0 28
100 10 100 10 28 DRAND 5 15314.8 0.800464 27650.0 5460.0 28
100 10 100 10 28 Lyui 1 27392.9 0.616192 57633.0 1592.0 28
100 10 100 10 28 Lyui 2 30496.1 0.793439 44869.0 6347.0 28
100 10 100 10 28 Lyui 3 37982 0.65974 63975.0 2118.0 28
100 10 100 10 28 Lyui 4 20027.4 0.667239 38442.0 635.0 28
100 10 100 10 28 Lyui 5 17574.4 0.792861 32097.0 3185.0 27
100 10 100 10 28 Lobats 1 2842.57 0.856869 4662.0 495.0 28
100 10 100 10 28 Lobats 3 4491.36 0.847159 7009.0 726.0 28
100 10 100 10 28 Lobats 2 3963 0.838385 6161.0 633.0 28
100 10 100 10 28 Lobats 4 4117.93 0.905738 5773.0 1291.0 28
100 10 100 10 27 Simple 1 3496.15 0.852525 5014.0 495.0 27
100 10 100 10 27 Simple 2 2494.41 0.797038 4649.0 511.0 27
100 10 100 10 27 Simple 4 2944.3 0.727985 5445.0 509.0 27
100 10 100 10 27 Simple 3 2636.74 0.786978 4599.0 500.0 27
100 10 100 10 27 Simple 5 3592.37 0.828737 5617.0 510.0 27
100 10 100 10 28 Lobats 5 2952.43 0.816889 4704.0 759.0 28
100 10 100 10 27 LocalVoting 1 2694.56 0.891701 3702.0 751.0 27
100 10 100 10 27 LocalVoting 2 3772.93 0.924919 4949.0 2085.0 27
100 10 100 10 27 LocalVoting 3 3849.59 0.942475 4532.0 1756.0 27
100 10 100 10 27 LocalVoting 4 3168 0.909446 3939.0 668.0 27
100 10 100 10 27 LocalVoting 5 3073.41 0.86274 4495.0 934.0 27
100 10 100 10 27 LQF 1 2166.26 0.942955 2613.0 495.0 27
100 10 100 10 27 LQF 3 3720.07 0.979158 4011.0 1605.0 27
100 10 100 10 27 LQF 2 3396.7 0.893572 4154.0 656.0 27
100 10 100 10 27 LQF 4 3883.63 0.890092 4701.0 1069.0 27
100 10 100 10 27 LQF 5 3901.26 0.952893 4363.0 843.0 27
100 10 100 10 27 DRAND 1 26040.3 0.806936 42104.0 5982.0 27
100 10 100 10 27 DRAND 2 27194 0.755065 47394.0 495.0 27
100 10 100 10 27 DRAND 3 25725.9 0.749893 44177.0 495.0 27
100 10 100 10 27 DRAND 4 53110.1 0.832554 72905.0 5557.0 27
100 10 100 10 27 DRAND 5 31115 0.884519 40737.0 5750.0 27
100 10 100 10 27 Lyui 1 16426.4 0.80909 25639.0 3199.0 26
100 10 100 10 27 Lyui 2 30120.1 0.760236 51232.0 1540.0 27
100 10 100 10 27 Lyui 3 21387 0.743748 38500.0 495.0 27
100 10 100 10 27 Lyui 4 23561.9 0.711504 44846.0 495.0 27
100 10 100 10 27 Lyui 5 24567 0.757436 44788.0 1599.0 25
100 10 100 10 27 Lobats 1 3069.89 0.85922 4820.0 495.0 27
100 10 100 10 27 Lobats 3 3435.04 0.827728 5550.0 495.0 27
100 10 100 10 27 Lobats 2 3908.04 0.896078 5992.0 1405.0 27
100 10 100 10 27 Lobats 4 3329.56 0.771671 6016.0 588.0 27
100 10 100 10 26 Simple 1 2688.15 0.782174 5206.0 499.0 26
100 10 100 10 26 Simple 2 2722.04 0.801697 4713.0 510.0 26
100 10 100 10 26 Simple 3 1389.88 0.736176 3094.0 495.0 26
100 10 100 10 26 Simple 4 2431.15 0.753199 4514.0 495.0 26
100 10 100 10 26 Simple 5 3066.85 0.773302 5196.0 510.0 26
100 10 100 10 27 Lobats 5 4834.59 0.849075 7333.0 990.0 27
100 10 100 10 26 LocalVoting 1 2763.15 0.873833 3703.0 495.0 26
100 10 100 10 26 LocalVoting 2 2355.62 0.881419 3402.0 495.0 26
100 10 100 10 26 LocalVoting 4 2529.19 0.851119 3560.0 495.0 26
100 10 100 10 26 LocalVoting 3 3982.88 0.892633 5036.0 495.0 26
100 10 100 10 26 LocalVoting 5 2809.19 0.910885 3799.0 1038.0 26
100 10 100 10 26 LQF 1 3510.58 0.968699 4006.0 2150.0 26
100 10 100 10 26 LQF 2 3521.69 0.950683 3913.0 1104.0 26
100 10 100 10 26 LQF 3 2815.62 0.849042 3630.0 495.0 26
100 10 100 10 26 LQF 4 2769.08 0.933646 3324.0 1338.0 26
100 10 100 10 26 LQF 5 3272.42 0.925146 3968.0 925.0 26
100 10 100 10 26 DRAND 1 33414.9 0.868836 44971.0 6365.0 26
100 10 100 10 26 DRAND 2 21854.3 0.785693 36173.0 5942.0 26
100 10 100 10 26 DRAND 3 27587.5 0.799286 41373.0 495.0 26
100 10 100 10 26 DRAND 4 17995.8 0.749288 33029.0 5465.0 26
100 10 100 10 26 DRAND 5 17770.7 0.791432 33065.0 6551.0 26
100 10 100 10 26 Lyui 1 16959.1 0.740143 32150.0 3196.0 26
100 10 100 10 26 Lyui 2 29040.5 0.727043 51243.0 581.0 26
100 10 100 10 26 Lyui 3 26354.4 0.790329 44915.0 3177.0 26
100 10 100 10 26 Lyui 4 27035 0.683067 51239.0 3160.0 26
100 10 100 10 26 Lyui 5 27600.8 0.708 51314.0 495.0 26
100 10 100 10 26 Lobats 1 3505.38 0.848478 5405.0 860.0 26
100 10 100 10 26 Lobats 2 3107.04 0.873167 5046.0 1226.0 26
100 10 100 10 25 Simple 1 2024.96 0.79243 3514.0 509.0 25
100 10 100 10 26 Lobats 4 3964.85 0.874167 5554.0 824.0 26
100 10 100 10 26 Lobats 3 3367.27 0.813936 5416.0 495.0 26
100 10 100 10 25 Simple 2 2783.8 0.772459 4812.0 855.0 25
100 10 100 10 25 Simple 3 2320.32 0.809787 4278.0 546.0 25
100 10 100 10 25 Simple 4 2550.16 0.803151 4750.0 495.0 25
100 10 100 10 25 Simple 5 2457.16 0.766136 4687.0 495.0 25
100 10 100 10 26 Lobats 5 3401.35 0.846248 5417.0 507.0 26
100 10 100 10 25 LocalVoting 2 2370.68 0.870408 3500.0 815.0 25
100 10 100 10 25 LocalVoting 1 3568.64 0.830398 5331.0 499.0 25
100 10 100 10 25 LocalVoting 3 2929.44 0.897143 3780.0 886.0 25
100 10 100 10 25 LocalVoting 4 3914.52 0.975445 4532.0 1938.0 25
100 10 100 10 25 LQF 1 2561.64 0.857052 3618.0 1200.0 25
100 10 100 10 25 LocalVoting 5 2241.84 0.905945 3050.0 506.0 25
100 10 100 10 25 LQF 2 2700.08 0.927398 3310.0 499.0 25
100 10 100 10 25 LQF 3 2649.2 0.93654 3186.0 747.0 25
100 10 100 10 25 DRAND 1 39987 0.768582 61697.0 5555.0 25
100 10 100 10 25 DRAND 2 33674.9 0.630495 65101.0 6492.0 25
100 10 100 10 25 LQF 4 2945.48 0.932758 3485.0 1180.0 25
100 10 100 10 25 LQF 5 2645.56 0.965299 3015.0 1608.0 25
100 10 100 10 25 DRAND 3 22445.8 0.648366 44109.0 495.0 25
100 10 100 10 25 DRAND 4 18330.9 0.825365 27635.0 5448.0 25
100 10 100 10 25 DRAND 5 33070.5 0.805657 48017.0 495.0 25
100 10 100 10 25 Lyui 1 12275.8 0.748889 19262.0 495.0 25
100 10 100 10 25 Lyui 2 16532.7 0.803496 25605.0 495.0 25
100 10 100 10 25 Lyui 3 27771.2 0.87868 38449.0 4792.0 25
100 10 100 10 25 Lyui 4 20149.2 0.803275 32115.0 2159.0 25
100 10 100 10 25 Lyui 5 26117.9 0.688737 51166.0 4248.0 25
100 10 100 10 25 Lobats 1 3082.36 0.843418 4735.0 495.0 25
100 10 100 10 25 Lobats 2 3234.08 0.838986 5266.0 927.0 25
100 10 100 10 25 Lobats 4 3897.48 0.891834 5519.0 1011.0 25
100 10 100 10 25 Lobats 3 3099.12 0.759462 5812.0 857.0 25
100 10 100 10 24 Simple 1 2208.83 0.770259 4566.0 510.0 24
100 10 100 10 24 Simple 2 2885.12 0.837208 4614.0 509.0 24
100 10 100 10 24 Simple 4 2600.04 0.819638 4485.0 735.0 24
100 10 100 10 24 Simple 3 2164.54 0.811041 3809.0 510.0 24
100 10 100 10 24 Simple 5 3404.58 0.799685 5144.0 497.0 24
100 10 100 10 25 Lobats 5 2971.48 0.855008 4677.0 572.0 25
100 10 100 10 24 LocalVoting 2 3662.12 0.893426 4654.0 527.0 24
100 10 100 10 24 LocalVoting 3 3051.08 0.90152 3864.0 843.0 24
100 10 100 10 24 LocalVoting 1 3176.96 0.858169 4429.0 495.0 24
100 10 100 10 24 LocalVoting 4 2444 0.833114 3420.0 495.0 24
100 10 100 10 24 LocalVoting 5 2994.33 0.870183 4109.0 1027.0 24
100 10 100 10 24 LQF 1 2998.83 0.923337 3550.0 555.0 24
100 10 100 10 24 LQF 2 3417.5 0.929356 3998.0 1076.0 24
100 10 100 10 24 DRAND 1 18198.1 0.859354 25356.0 6243.0 24
100 10 100 10 24 LQF 5 3041.29 0.940984 3500.0 498.0 24
100 10 100 10 24 LQF 3 2853 0.966159 3101.0 1183.0 24
100 10 100 10 24 LQF 4 2451.5 0.85999 3197.0 498.0 24
100 10 100 10 24 DRAND 2 24388.6 0.885431 34364.0 5674.0 24
100 10 100 10 24 DRAND 5 24345.7 0.912085 32021.0 495.0 24
100 10 100 10 24 DRAND 4 21766 0.76637 40957.0 6746.0 24
100 10 100 10 24 DRAND 3 23294.8 0.850101 34604.0 6898.0 24
100 10 100 10 24 Lyui 1 27418.5 0.660263 51180.0 3149.0 24
100 10 100 10 24 Lyui 2 46772.8 0.771222 70391.0 2125.0 24
100 10 100 10 24 Lyui 3 27098.1 0.724651 44807.0 495.0 24
100 10 100 10 24 Lyui 4 20886.7 0.739608 38445.0 1023.0 24
100 10 100 10 24 Lyui 5 28785 0.831426 44817.0 3190.0 24
100 10 100 10 24 Lobats 2 3551.04 0.889751 5268.0 1269.0 24
100 10 100 10 24 Lobats 3 3610.21 0.858081 5501.0 1094.0 24
100 10 100 10 24 Lobats 1 3038 0.894064 4359.0 956.0 24
100 10 100 10 23 Simple 1 2291.96 0.738717 4011.0 509.0 23
100 10 100 10 24 Lobats 4 3877.38 0.871164 5735.0 1114.0 24
100 10 100 10 23 Simple 2 2158.57 0.778534 3858.0 509.0 23
100 10 100 10 23 Simple 3 1812.96 0.836987 2829.0 510.0 23
100 10 100 10 23 Simple 5 3180.09 0.787431 5198.0 510.0 23
100 10 100 10 23 Simple 4 2290.91 0.833843 3820.0 1001.0 23
100 10 100 10 24 Lobats 5 3818.92 0.756874 6080.0 807.0 24
100 10 100 10 23 LocalVoting 1 2193.83 0.899037 3151.0 672.0 23
100 10 100 10 23 LocalVoting 2 2723.57 0.870784 3579.0 554.0 23
100 10 100 10 23 LocalVoting 3 2280.35 0.898077 3179.0 495.0 23
100 10 100 10 23 LocalVoting 4 2277.39 0.904909 3045.0 890.0 23
100 10 100 10 23 LocalVoting 5 1789.78 0.895012 2559.0 499.0 23
100 10 100 10 23 LQF 1 2920.39 0.948219 3349.0 740.0 23
100 10 100 10 23 LQF 2 2006.04 0.825908 2715.0 495.0 23
100 10 100 10 23 LQF 3 2914.04 0.921333 3491.0 1001.0 23
100 10 100 10 23 LQF 4 2978.61 0.927864 3524.0 1294.0 23
100 10 100 10 23 DRAND 1 22732.6 0.64706 44802.0 495.0 23
100 10 100 10 23 LQF 5 2948.78 0.892175 3687.0 1042.0 23
100 10 100 10 23 DRAND 2 21841.2 0.73228 39980.0 5657.0 23
100 10 100 10 23 DRAND 3 17579.2 0.653798 31998.0 495.0 23
100 10 100 10 23 DRAND 4 35510.8 0.791458 52195.0 495.0 23
100 10 100 10 23 DRAND 5 23758.2 0.805929 36154.0 5950.0 23
100 10 100 10 23 Lyui 1 27400.2 0.666128 51297.0 3160.0 23
100 10 100 10 23 Lyui 3 39210.7 0.633124 70457.0 3191.0 23
100 10 100 10 23 Lyui 2 23203.2 0.763521 38548.0 495.0 23
100 10 100 10 23 Lyui 4 20267.4 0.806832 38505.0 3185.0 23
100 10 100 10 23 Lyui 5 24993.8 0.825261 38505.0 3512.0 23
100 10 100 10 23 Lobats 1 3638.26 0.883054 5441.0 1434.0 23
100 10 100 10 23 Lobats 4 2911.74 0.822807 4794.0 501.0 23
100 10 100 10 23 Lobats 2 3107.87 0.870192 4901.0 1308.0 23
100 10 100 10 22 Simple 1 2988.68 0.799907 5347.0 510.0 22
100 10 100 10 23 Lobats 3 2707.09 0.842471 4385.0 1052.0 23
100 10 100 10 22 Simple 2 2682.82 0.797706 4295.0 509.0 22
100 10 100 10 22 Simple 3 2916.91 0.724363 5899.0 929.0 22
100 10 100 10 23 Lobats 5 2566 0.814774 4386.0 495.0 23
100 10 100 10 22 Simple 4 2750.27 0.765109 4967.0 510.0 22
100 10 100 10 22 Simple 5 1491.09 0.807609 2844.0 495.0 22
100 10 100 10 22 LocalVoting 1 2322.73 0.882226 3431.0 1161.0 22
100 10 100 10 22 LocalVoting 2 2748.27 0.890887 3593.0 515.0 22
100 10 100 10 22 LocalVoting 3 2907.27 0.874948 3769.0 789.0 22
100 10 100 10 22 LocalVoting 4 2307.27 0.88172 3211.0 906.0 22
100 10 100 10 22 LQF 1 2812.45 0.921906 3309.0 923.0 22
100 10 100 10 22 LocalVoting 5 2541.32 0.94647 3120.0 1010.0 22
100 10 100 10 22 LQF 2 3196.86 0.945174 3710.0 1844.0 22
100 10 100 10 22 LQF 3 2364.14 0.90407 2969.0 627.0 22
100 10 100 10 22 LQF 4 3262.73 0.9297 3705.0 495.0 22
100 10 100 10 22 DRAND 1 27067.3 0.746957 44048.0 5447.0 22
100 10 100 10 22 LQF 5 2621.05 0.924211 3175.0 662.0 22
100 10 100 10 22 DRAND 2 23459.7 0.864822 33577.0 495.0 22
100 10 100 10 22 DRAND 3 19639.3 0.891626 24621.0 6068.0 22
100 10 100 10 22 DRAND 4 23845.3 0.827459 34899.0 495.0 22
100 10 100 10 22 DRAND 5 13494.8 0.724533 27141.0 495.0 22
100 10 100 10 22 Lyui 1 18301.6 0.831765 25641.0 6369.0 22
100 10 100 10 22 Lyui 2 16926 0.676531 31982.0 1168.0 22
100 10 100 10 22 Lyui 4 23494.2 0.679238 44850.0 2122.0 21
100 10 100 10 22 Lyui 3 16016.8 0.718729 32038.0 705.0 22
100 10 100 10 22 Lyui 5 21505.2 0.79187 32102.0 495.0 22
100 10 100 10 22 Lobats 1 1996.32 0.886264 3222.0 531.0 22
100 10 100 10 22 Lobats 2 2881.73 0.907749 4113.0 1038.0 22
100 10 100 10 22 Lobats 3 3128.18 0.880849 4438.0 589.0 22
100 10 100 10 22 Lobats 4 4106.91 0.919065 5152.0 1078.0 22
100 10 100 10 21 Simple 2 2887.76 0.89276 4223.0 1158.0 21
100 10 100 10 21 Simple 1 2708.29 0.784175 4832.0 495.0 21
100 10 100 10 21 Simple 3 2377.57 0.817262 4190.0 511.0 21
100 10 100 10 21 Simple 4 2636.81 0.816628 3979.0 509.0 21
100 10 100 10 21 Simple 5 2008.24 0.784403 3817.0 495.0 21
100 10 100 10 22 Lobats 5 3262.23 0.837178 5090.0 495.0 22
100 10 100 10 21 LocalVoting 1 2319.38 0.899644 3164.0 607.0 21
100 10 100 10 21 LocalVoting 2 2050.81 0.865631 2791.0 589.0 21
100 10 100 10 21 LocalVoting 3 2061.48 0.816016 3064.0 502.0 21
100 10 100 10 21 LocalVoting 5 2232.14 0.867972 3045.0 676.0 21
100 10 100 10 21 LQF 1 2639.76 0.968042 2988.0 1780.0 21
100 10 100 10 21 LocalVoting 4 1856.86 0.917805 2608.0 902.0 21
100 10 100 10 21 LQF 2 2606.95 0.980575 2799.0 1725.0 21
100 10 100 10 21 LQF 3 2280.62 0.937533 2657.0 495.0 21
100 10 100 10 21 LQF 4 3177.43 0.97374 3485.0 1903.0 21
100 10 100 10 21 DRAND 1 22713.9 0.787581 37783.0 6264.0 21
100 10 100 10 21 LQF 5 2600.57 0.964676 2956.0 1716.0 21
100 10 100 10 21 DRAND 2 44407.5 0.893591 56669.0 6278.0 21
100 10 100 10 21 DRAND 3 19372.4 0.810073 32088.0 6344.0 21
100 10 100 10 21 DRAND 4 15264.4 0.833512 22473.0 5559.0 21
100 10 100 10 21 DRAND 5 17930.1 0.722421 29593.0 5843.0 21
100 10 100 10 21 Lyui 3 15130.4 0.698769 32045.0 3184.0 21
100 10 100 10 21 Lyui 2 22821.4 0.818504 32098.0 2642.0 21
100 10 100 10 21 Lyui 4 20069.2 0.909601 25661.0 6364.0 21
100 10 100 10 21 Lyui 1 39871.1 0.808221 57660.0 2120.0 21
100 10 100 10 21 Lyui 5 19441 0.78553 32037.0 2140.0 21
100 10 100 10 21 Lobats 3 2734.05 0.806763 4494.0 495.0 21
100 10 100 10 21 Lobats 1 3279.76 0.857116 5615.0 1284.0 21
100 10 100 10 21 Lobats 4 3974.86 0.917345 5015.0 1207.0 21
100 10 100 10 20 Simple 1 3239.4 0.830047 4801.0 495.0 20
100 10 100 10 21 Lobats 2 2421.9 0.844465 3886.0 527.0 21
100 10 100 10 20 Simple 2 2843.85 0.841316 4519.0 514.0 20
100 10 100 10 20 Simple 3 3001.35 0.891227 4205.0 1007.0 20
100 10 100 10 20 Simple 4 2969.1 0.827476 4486.0 509.0 20
100 10 100 10 21 Lobats 5 2938.71 0.913456 4073.0 1235.0 21
100 10 100 10 20 Simple 5 2254.6 0.809601 4158.0 495.0 20
100 10 100 10 20 LocalVoting 1 2704.45 0.938475 3400.0 1124.0 20
100 10 100 10 20 LocalVoting 2 2485.55 0.869084 3391.0 522.0 20
100 10 100 10 20 LocalVoting 3 2671.55 0.90621 3515.0 1005.0 20
100 10 100 10 20 LocalVoting 4 2028 0.919222 2579.0 629.0 20
100 10 100 10 20 LocalVoting 5 2158.95 0.882051 3136.0 673.0 20
100 10 100 10 20 LQF 1 2484.6 0.918703 3001.0 495.0 20
100 10 100 10 20 LQF 2 2302.35 0.977724 2541.0 1236.0 20
100 10 100 10 20 LQF 3 2440.35 0.90418 3038.0 753.0 20
100 10 100 10 20 LQF 4 2171.3 0.868375 2731.0 495.0 20
100 10 100 10 20 DRAND 1 16018.5 0.860561 24048.0 5953.0 20
100 10 100 10 20 DRAND 2 36145.3 0.794852 49657.0 6171.0 20
100 10 100 10 20 DRAND 3 14648.7 0.871695 21950.0 5462.0 20
100 10 100 10 20 LQF 5 2251.95 0.947806 2605.0 1258.0 20
100 10 100 10 20 DRAND 4 32736.8 0.708645 52023.0 495.0 20
100 10 100 10 20 DRAND 5 15725.6 0.722081 29047.0 495.0 20
100 10 100 10 20 Lyui 1 26940.5 0.757018 44776.0 3193.0 20
100 10 100 10 20 Lyui 2 21057.2 0.7381 38391.0 3186.0 20
100 10 100 10 20 Lyui 3 31106 0.72317 51243.0 917.0 20
100 10 100 10 20 Lyui 4 18594.2 0.768643 32009.0 495.0 20
100 10 100 10 20 Lyui 5 20973.4 0.725515 38388.0 495.0 20
100 10 100 10 20 Lobats 1 2883.9 0.871598 4570.0 625.0 20
100 10 100 10 20 Lobats 2 2706.7 0.823057 4699.0 681.0 20
100 10 100 10 20 Lobats 3 2784.05 0.852522 4498.0 912.0 20
100 10 100 10 20 Lobats 4 2785.95 0.973769 3396.0 1646.0 20
100 10 100 10 19 Simple 1 2123.89 0.854106 3646.0 509.0 19
100 10 100 10 19 Simple 2 1697.32 0.874069 3017.0 886.0 19
100 10 100 10 19 Simple 3 3055.74 0.847209 4514.0 638.0 19
100 10 100 10 19 Simple 4 1917.53 0.806261 3110.0 509.0 19
100 10 100 10 19 Simple 5 2170.32 0.760386 4340.0 509.0 19
100 10 100 10 20 Lobats 5 2719.4 0.787073 4425.0 495.0 20
100 10 100 10 19 LocalVoting 1 1928.37 0.876713 2719.0 588.0 19
100 10 100 10 19 LocalVoting 2 1906.68 0.838426 2709.0 500.0 19
100 10 100 10 19 LocalVoting 4 3044.89 0.94329 3444.0 1112.0 19
100 10 100 10 19 LocalVoting 3 2743.11 0.928487 3374.0 1324.0 19
100 10 100 10 19 LocalVoting 5 1900.95 0.930519 2397.0 802.0 19
100 10 100 10 19 LQF 1 2083.32 0.920219 2642.0 989.0 19
100 10 100 10 19 LQF 2 2725.42 0.990205 2828.0 1599.0 19
100 10 100 10 19 LQF 3 2439.05 0.906792 2899.0 495.0 19
100 10 100 10 19 LQF 4 3629.32 0.954588 4042.0 1459.0 19
100 10 100 10 19 LQF 5 1918.79 0.926911 2309.0 535.0 19
100 10 100 10 19 DRAND 1 27440.4 0.863689 39218.0 4886.0 19
100 10 100 10 19 DRAND 2 16986.1 0.779115 27494.0 495.0 19
100 10 100 10 19 DRAND 3 28497.2 0.776098 42795.0 495.0 19
100 10 100 10 19 DRAND 4 24818.6 0.709074 43433.0 6142.0 19
100 10 100 10 19 DRAND 5 16115.8 0.850396 22469.0 5561.0 19
100 10 100 10 19 Lyui 1 25727.4 0.713998 44870.0 495.0 19
100 10 100 10 19 Lyui 2 20278.1 0.687765 38444.0 1072.0 19
100 10 100 10 19 Lyui 3 24133.6 0.684051 44790.0 3195.0 19
100 10 100 10 19 Lyui 4 31811.5 0.763313 51261.0 3211.0 19
100 10 100 10 19 Lyui 5 26761.2 0.619675 51270.0 3191.0 19
100 10 100 10 19 Lobats 4 3223.37 0.828398 4812.0 530.0 19
100 10 100 10 19 Lobats 1 4107.05 0.896352 5334.0 495.0 19
100 10 100 10 19 Lobats 2 3442.53 0.822324 5108.0 515.0 19
100 10 100 10 19 Lobats 3 3059 0.816381 4833.0 495.0 19
100 10 100 10 18 Simple 3 2261.44 0.825332 3432.0 681.0 18
100 10 100 10 18 Simple 1 1816.83 0.79834 3743.0 499.0 18
100 10 100 10 18 Simple 2 1742.17 0.742805 3093.0 509.0 18
100 10 100 10 18 Simple 5 2473.33 0.806025 3579.0 500.0 18
100 10 100 10 18 Simple 4 1634.94 0.819435 2900.0 511.0 18
100 10 100 10 19 Lobats 5 2551.42 0.836888 3924.0 905.0 19
100 10 100 10 18 LocalVoting 1 1915.94 0.894397 2621.0 969.0 18
100 10 100 10 18 LocalVoting 2 2328.72 0.775395 3740.0 502.0 18
100 10 100 10 18 LocalVoting 3 2106.67 0.908386 2761.0 615.0 18
100 10 100 10 18 LocalVoting 4 2085.61 0.938702 2629.0 1164.0 18
100 10 100 10 18 LocalVoting 5 2632.11 0.93514 3189.0 1303.0 18
100 10 100 10 18 LQF 1 1923.44 0.922548 2322.0 615.0 18
100 10 100 10 18 LQF 2 2306.5 0.964671 2494.0 821.0 18
100 10 100 10 18 LQF 3 2533.28 0.974693 2725.0 1014.0 18
100 10 100 10 18 LQF 4 1929.06 0.986035 2164.0 1583.0 18
100 10 100 10 18 DRAND 1 22557.2 0.696324 38581.0 495.0 18
100 10 100 10 18 LQF 5 2603.83 0.953526 2955.0 914.0 18
100 10 100 10 18 DRAND 4 22149.5 0.809229 33042.0 5467.0 18
100 10 100 10 18 DRAND 2 17168.6 0.801984 26537.0 6541.0 18
100 10 100 10 18 DRAND 3 27009.8 0.715641 44862.0 5551.0 18
100 10 100 10 18 DRAND 5 22987.2 0.807649 38470.0 6414.0 18
100 10 100 10 18 Lyui 1 37113.2 0.752825 57555.0 495.0 18
100 10 100 10 18 Lyui 3 22550.5 0.773888 38388.0 495.0 18
100 10 100 10 18 Lyui 4 14728.2 0.789754 25579.0 3189.0 18
100 10 100 10 18 Lyui 2 17725.5 0.808618 25721.0 509.0 18
100 10 100 10 18 Lyui 5 21127.3 0.819066 32034.0 495.0 18
100 10 100 10 18 Lobats 2 1291.39 0.861045 2329.0 647.0 18
100 10 100 10 18 Lobats 3 2818.11 0.888426 3819.0 867.0 18
100 10 100 10 18 Lobats 1 3599.33 0.865985 5435.0 1572.0 18
100 10 100 10 18 Lobats 4 3013 0.88907 4232.0 956.0 18
100 10 100 10 17 Simple 1 2639 0.892067 3815.0 509.0 17
100 10 100 10 17 Simple 2 2373.12 0.848799 3748.0 775.0 17
100 10 100 10 17 Simple 3 1668.88 0.837607 2541.0 495.0 17
100 10 100 10 17 Simple 4 3675.24 0.876444 5065.0 643.0 17
100 10 100 10 17 Simple 5 3513.82 0.889827 4701.0 509.0 17
100 10 100 10 18 Lobats 5 3151.11 0.876148 4476.0 733.0 18
100 10 100 10 17 LocalVoting 1 1723.88 0.841731 2653.0 495.0 17
100 10 100 10 17 LocalVoting 2 1960.88 0.92277 2531.0 751.0 17
100 10 100 10 17 LocalVoting 4 2266.88 0.952369 2713.0 1149.0 17
100 10 100 10 17 LocalVoting 3 3731.41 0.972167 4129.0 1636.0 17
100 10 100 10 17 LocalVoting 5 2048.24 0.91966 2708.0 504.0 17
100 10 100 10 17 LQF 1 1920.18 0.935033 2265.0 495.0 17
100 10 100 10 17 LQF 2 2314.35 0.95509 2587.0 1095.0 17
100 10 100 10 17 LQF 3 1950.59 0.951815 2301.0 852.0 17
100 10 100 10 17 LQF 4 2039.82 0.891103 2389.0 498.0 17
100 10 100 10 17 DRAND 2 26539.8 0.86519 34241.0 5728.0 17
100 10 100 10 17 DRAND 1 16750.6 0.72989 29476.0 495.0 17
100 10 100 10 17 LQF 5 2058.18 0.935598 2487.0 634.0 17
100 10 100 10 17 DRAND 4 20924.5 0.834834 29611.0 5881.0 17
100 10 100 10 17 DRAND 3 16953.1 0.900208 23589.0 5900.0 17
100 10 100 10 17 DRAND 5 25640.1 0.744813 42817.0 6063.0 17
100 10 100 10 17 Lyui 2 19492.6 0.795692 32118.0 1595.0 17
100 10 100 10 17 Lyui 1 15205.8 0.780578 25808.0 6370.0 17
100 10 100 10 17 Lyui 3 23833 0.782475 38449.0 2725.0 17
100 10 100 10 17 Lyui 4 15036.5 0.797739 25632.0 6367.0 17
100 10 100 10 17 Lyui 5 29215.2 0.648847 51338.0 2307.0 17
100 10 100 10 17 Lobats 1 2082.24 0.794822 3617.0 683.0 17
100 10 100 10 17 Lobats 2 2107 0.800454 3719.0 667.0 17
100 10 100 10 17 Lobats 3 1932.47 0.828362 3087.0 495.0 17
100 10 100 10 16 Simple 1 1575.12 0.825169 2718.0 495.0 16
100 10 100 10 17 Lobats 4 2694 0.865126 3904.0 719.0 17
100 10 100 10 16 Simple 2 2077.69 0.881217 2939.0 510.0 16
100 10 100 10 16 Simple 3 1814.19 0.796912 2783.0 509.0 16
100 10 100 10 16 Simple 4 1992.19 0.78906 3309.0 499.0 16
100 10 100 10 16 Simple 5 1568.69 0.83103 2813.0 509.0 16
100 10 100 10 17 Lobats 5 2809.24 0.872175 4261.0 866.0 17
100 10 100 10 16 LocalVoting 1 1875.44 0.934456 2381.0 661.0 16
100 10 100 10 16 LocalVoting 2 1537.94 0.912224 2113.0 735.0 16
100 10 100 10 16 LocalVoting 3 1797.62 0.883302 2422.0 747.0 16
100 10 100 10 16 LocalVoting 4 1173.12 0.909452 1565.0 495.0 16
100 10 100 10 16 LocalVoting 5 1726.69 0.906791 2300.0 556.0 16
100 10 100 10 16 LQF 1 2899.94 0.964516 3114.0 962.0 16
100 10 100 10 16 LQF 2 1487.44 0.845122 2038.0 495.0 16
100 10 100 10 16 LQF 4 1890 0.922133 2301.0 710.0 16
100 10 100 10 16 LQF 3 1944.44 0.907272 2438.0 632.0 16
100 10 100 10 16 DRAND 1 11240.8 0.861135 18689.0 6150.0 16
100 10 100 10 16 LQF 5 2287.25 0.88367 2784.0 495.0 16
100 10 100 10 16 DRAND 2 30806.6 0.861852 41337.0 495.0 16
100 10 100 10 16 DRAND 3 24868.1 0.840302 37815.0 9413.0 16
100 10 100 10 16 DRAND 4 33047.5 0.782823 47359.0 495.0 16
100 10 100 10 16 DRAND 5 16792.4 0.733152 29621.0 495.0 16
100 10 100 10 16 Lyui 1 14400.4 0.879961 19327.0 6364.0 16
100 10 100 10 16 Lyui 3 15947 0.797839 25652.0 3194.0 16
100 10 100 10 16 Lyui 2 17526.8 0.797863 25711.0 3197.0 16
100 10 100 10 16 Lyui 4 32515.6 0.724911 51239.0 2130.0 16
100 10 100 10 16 Lyui 5 28660 0.618083 51285.0 1593.0 16
100 10 100 10 16 Lobats 1 2177.75 0.933522 3053.0 994.0 16
100 10 100 10 16 Lobats 2 3453.75 0.878684 4704.0 840.0 16
100 10 100 10 16 Lobats 3 1880.19 0.841779 3107.0 617.0 16
100 10 100 10 16 Lobats 4 2078.19 0.792256 3543.0 495.0 16
100 10 100 10 15 Simple 1 1903.27 0.786344 3350.0 522.0 15
100 10 100 10 15 Simple 3 2422.8 0.859726 4162.0 850.0 15
100 10 100 10 15 Simple 2 1807.53 0.763395 3204.0 495.0 15
100 10 100 10 15 Simple 4 2317.07 0.794591 3971.0 511.0 15
100 10 100 10 15 Simple 5 1720.13 0.816225 3212.0 509.0 15
100 10 100 10 15 LocalVoting 1 2698.53 0.932978 3286.0 1121.0 15
100 10 100 10 16 Lobats 5 2235.12 0.888599 3533.0 1153.0 16
100 10 100 10 15 LocalVoting 2 2701.87 0.931332 3495.0 769.0 15
100 10 100 10 15 LocalVoting 3 1642.33 0.89302 2208.0 751.0 15
100 10 100 10 15 LocalVoting 5 1976.13 0.822091 2762.0 504.0 15
100 10 100 10 15 LocalVoting 4 2056.73 0.936174 2509.0 525.0 15
100 10 100 10 15 LQF 1 2322.4 0.932834 2643.0 717.0 15
100 10 100 10 15 LQF 2 2017.8 0.879927 2404.0 496.0 15
100 10 100 10 15 LQF 3 1800.53 0.942234 2123.0 907.0 15
100 10 100 10 15 LQF 4 2550.8 0.95257 2842.0 1235.0 15
100 10 100 10 15 LQF 5 1808.8 0.958767 2103.0 898.0 15
100 10 100 10 15 DRAND 1 13940.7 0.796086 24449.0 6055.0 15
100 10 100 10 15 DRAND 2 18606.1 0.874676 27547.0 5512.0 15
100 10 100 10 15 DRAND 3 14922.7 0.739548 24797.0 495.0 15
100 10 100 10 15 DRAND 4 17670.7 0.83738 28135.0 5551.0 15
100 10 100 10 15 DRAND 5 26521.3 0.723086 44130.0 6243.0 15
100 10 100 10 15 Lyui 1 17435.7 0.709009 32178.0 3191.0 15
100 10 100 10 15 Lyui 2 23500.7 0.845817 32069.0 3198.0 15
100 10 100 10 15 Lyui 3 17659.1 0.711784 31988.0 3179.0 15
100 10 100 10 15 Lyui 4 27085.8 0.701953 44775.0 6359.0 12
100 10 100 10 15 Lyui 5 18265.5 0.896803 25818.0 6393.0 15
100 10 100 10 15 Lobats 2 1986.73 0.856927 3138.0 944.0 15
100 10 100 10 15 Lobats 1 2357.47 0.878918 3428.0 1015.0 15
100 10 100 10 15 Lobats 3 2033.07 0.814427 3249.0 825.0 15
100 10 100 10 15 Lobats 4 2674.67 0.931054 3743.0 1247.0 15
100 10 100 10 14 Simple 1 1860.29 0.751443 3317.0 509.0 14
100 10 100 10 15 Lobats 5 1970.27 0.864801 3156.0 774.0 15
100 10 100 10 14 Simple 2 1918.14 0.777256 3279.0 495.0 14
100 10 100 10 14 Simple 3 2275.21 0.85093 3835.0 774.0 14
100 10 100 10 14 Simple 4 1414 0.811217 2356.0 500.0 14
100 10 100 10 14 Simple 5 2367.29 0.852004 3929.0 505.0 14
100 10 100 10 14 LocalVoting 1 2275.29 0.931582 2730.0 901.0 14
100 10 100 10 14 LocalVoting 2 3037.43 0.935752 3414.0 506.0 14
100 10 100 10 14 LocalVoting 3 1422.64 0.829653 2039.0 499.0 14
100 10 100 10 14 LocalVoting 4 2098.79 0.934209 2760.0 1216.0 14
100 10 100 10 14 LocalVoting 5 1966.64 0.929393 2393.0 642.0 14
100 10 100 10 14 LQF 1 1578 0.963901 1725.0 505.0 14
100 10 100 10 14 LQF 2 2205.79 0.866688 2751.0 495.0 14
100 10 100 10 14 LQF 3 1311.36 0.975671 1450.0 822.0 14
100 10 100 10 14 LQF 4 1772.64 0.92097 2028.0 499.0 14
100 10 100 10 14 LQF 5 1971.21 0.930073 2218.0 495.0 14
100 10 100 10 14 DRAND 1 23332.3 0.74033 36479.0 5162.0 14
100 10 100 10 14 DRAND 2 11163.9 0.876714 17750.0 5867.0 14
100 10 100 10 14 DRAND 3 28430.2 0.80659 39932.0 5653.0 14
100 10 100 10 14 DRAND 5 10559.6 0.80605 17079.0 5645.0 14
100 10 100 10 14 DRAND 4 27816.6 0.947216 31515.0 12566.0 14
100 10 100 10 14 Lyui 1 17791.4 0.869182 25630.0 6261.0 14
100 10 100 10 14 Lyui 2 12472.1 0.782533 25594.0 6360.0 14
100 10 100 10 14 Lyui 3 6038.93 0.960027 6443.0 1598.0 14
100 10 100 10 14 Lyui 4 7871.43 0.801461 12838.0 495.0 14
100 10 100 10 14 Lyui 5 17901.2 0.822094 25646.0 2379.0 14
100 10 100 10 14 Lobats 3 2549.5 0.812686 4112.0 588.0 14
100 10 100 10 14 Lobats 1 1716.5 0.869277 2554.0 765.0 14
100 10 100 10 14 Lobats 4 2704.86 0.935125 3630.0 1197.0 14
100 10 100 10 14 Lobats 2 1629.21 0.8141 2840.0 652.0 14
100 10 100 10 13 Simple 1 1494.08 0.784558 2922.0 509.0 13
100 10 100 10 13 Simple 3 1708.23 0.872138 2467.0 504.0 13
100 10 100 10 13 Simple 2 1057.23 0.850301 2012.0 496.0 13
100 10 100 10 13 Simple 4 1249.77 0.796764 2220.0 495.0 13
100 10 100 10 13 Simple 5 1765.54 0.790839 3022.0 495.0 13
100 10 100 10 13 LocalVoting 1 849.231 0.945004 1222.0 500.0 13
100 10 100 10 14 Lobats 5 1601.93 0.848438 2566.0 495.0 14
100 10 100 10 13 LocalVoting 2 1813.62 0.854586 2533.0 496.0 13
100 10 100 10 13 LocalVoting 3 1185.77 0.961673 1425.0 812.0 13
100 10 100 10 13 LocalVoting 4 1507.54 0.922896 1933.0 509.0 13
100 10 100 10 13 LocalVoting 5 1845.31 0.894883 2339.0 563.0 13
100 10 100 10 13 LQF 1 2020.46 0.959114 2303.0 1187.0 13
100 10 100 10 13 LQF 3 1783 0.870346 2204.0 495.0 13
100 10 100 10 13 LQF 2 2813.69 0.989314 2959.0 2120.0 13
100 10 100 10 13 LQF 4 1599.23 0.912288 1976.0 569.0 13
100 10 100 10 13 LQF 5 1563.85 0.890033 1929.0 547.0 13
100 10 100 10 13 DRAND 1 13313.3 0.816966 19360.0 495.0 13
100 10 100 10 13 DRAND 2 17641.7 0.840434 25266.0 495.0 13
100 10 100 10 13 DRAND 3 17707.3 0.87939 23812.0 5842.0 13
100 10 100 10 13 DRAND 4 14731.8 0.78779 24034.0 5947.0 13
100 10 100 10 13 DRAND 5 12958.6 0.782087 19939.0 495.0 13
100 10 100 10 13 Lyui 1 15701.1 0.818369 25646.0 6363.0 13
100 10 100 10 13 Lyui 2 17919.7 0.851837 25634.0 3156.0 13
100 10 100 10 13 Lyui 3 25050.7 0.791296 38385.0 6399.0 13
100 10 100 10 13 Lyui 4 22513.6 0.814485 32046.0 3198.0 13
100 10 100 10 13 Lyui 5 8412.46 0.787044 12847.0 495.0 13
100 10 100 10 13 Lobats 1 2987.85 0.899013 4067.0 1337.0 13
100 10 100 10 13 Lobats 2 2069.08 0.894489 3151.0 664.0 13
100 10 100 10 13 Lobats 3 2053.23 0.908901 2901.0 777.0 13
100 10 100 10 13 Lobats 4 2601.85 0.877557 3688.0 907.0 13
100 10 100 10 12 Simple 1 1244.5 0.825214 1963.0 499.0 12
100 10 100 10 12 Simple 2 1455.08 0.821526 2527.0 507.0 12
100 10 100 10 12 Simple 3 1381.17 0.840645 2158.0 502.0 12
100 10 100 10 13 Lobats 5 1520.77 0.866284 2499.0 644.0 13
100 10 100 10 12 Simple 4 1465.42 0.784528 2656.0 500.0 12
100 10 100 10 12 Simple 5 2392.17 0.820189 3438.0 509.0 12
100 10 100 10 12 LocalVoting 1 1675.92 0.876178 2300.0 560.0 12
100 10 100 10 12 LocalVoting 3 1748.25 0.904342 2130.0 534.0 12
100 10 100 10 12 LocalVoting 2 1666.92 0.930037 2061.0 503.0 12
100 10 100 10 12 LocalVoting 4 1912.83 0.893873 2399.0 496.0 12
100 10 100 10 12 LocalVoting 5 1495.92 0.886485 2118.0 611.0 12
100 10 100 10 12 LQF 1 1221.17 0.900242 1530.0 510.0 12
100 10 100 10 12 LQF 3 1502.75 0.893861 1825.0 517.0 12
100 10 100 10 12 LQF 2 1311.17 0.888341 1644.0 501.0 12
100 10 100 10 12 LQF 5 2463.42 0.981041 2631.0 1696.0 12
100 10 100 10 12 DRAND 1 14009.8 0.87072 20000.0 6547.0 12
100 10 100 10 12 DRAND 2 18654.2 0.874979 26440.0 6565.0 12
100 10 100 10 12 LQF 4 793.917 0.940072 1001.0 500.0 12
100 10 100 10 12 DRAND 5 14445.9 0.859503 18738.0 6167.0 12
100 10 100 10 12 DRAND 3 14418.2 0.968646 16353.0 10703.0 12
100 10 100 10 12 DRAND 4 10135.2 0.910375 12931.0 6347.0 12
100 10 100 10 12 Lyui 1 9681.75 0.866547 12916.0 3196.0 12
100 10 100 10 12 Lyui 3 11162.9 0.754805 19191.0 3188.0 8
100 10 100 10 12 Lyui 4 14360.2 0.750089 25649.0 6345.0 12
100 10 100 10 12 Lyui 5 17281 0.776447 25718.0 495.0 12
100 10 100 10 12 Lyui 2 7758.17 0.855679 12740.0 560.0 12
100 10 100 10 12 Lobats 1 2784.75 0.931127 3367.0 1267.0 12
100 10 100 10 12 Lobats 2 2507.5 0.86966 3549.0 689.0 12
100 10 100 10 12 Lobats 3 2726 0.85445 3945.0 534.0 12
100 10 100 10 12 Lobats 4 2609.75 0.917189 3721.0 833.0 12
100 10 100 10 11 Simple 1 2020 0.856761 3080.0 750.0 11
100 10 100 10 11 Simple 2 2442.73 0.808443 3681.0 509.0 11
100 10 100 10 11 Simple 3 1483.64 0.830784 2467.0 500.0 11
100 10 100 10 11 Simple 5 1061.73 0.782497 2145.0 509.0 11
100 10 100 10 11 Simple 4 1556.64 0.775967 2674.0 505.0 11
100 10 100 10 11 LocalVoting 1 2059.27 0.936584 2381.0 495.0 11
100 10 100 10 12 Lobats 5 2185.17 0.861106 3206.0 775.0 12
100 10 100 10 11 LocalVoting 2 1658.91 0.966671 1899.0 1123.0 11
100 10 100 10 11 LocalVoting 3 1300.55 0.917328 1716.0 723.0 11
100 10 100 10 11 LocalVoting 5 985.909 0.875275 1461.0 500.0 11
100 10 100 10 11 LocalVoting 4 1059 0.844274 1699.0 495.0 11
100 10 100 10 11 LQF 1 1186.45 0.881279 1513.0 497.0 11
100 10 100 10 11 LQF 2 1835 0.913204 2117.0 601.0 11
100 10 100 10 11 LQF 3 1591.18 0.904972 1845.0 496.0 11
100 10 100 10 11 LQF 4 1243.55 0.931351 1535.0 612.0 11
100 10 100 10 11 DRAND 1 16204.5 0.798188 23617.0 5865.0 11
100 10 100 10 11 LQF 5 1553 0.95333 1731.0 537.0 11
100 10 100 10 11 DRAND 2 18169.3 0.780369 28583.0 5654.0 11
100 10 100 10 11 DRAND 3 12992.8 0.877607 16630.0 5446.0 11
100 10 100 10 11 DRAND 4 12640.5 0.851809 17540.0 5761.0 11
100 10 100 10 11 DRAND 5 16392.4 0.876154 22832.0 5667.0 11
100 10 100 10 11 Lyui 1 17628.5 0.865762 25650.0 6352.0 11
100 10 100 10 11 Lyui 2 12786.9 0.848215 19242.0 6387.0 11
100 10 100 10 11 Lyui 3 14531 0.739226 25680.0 6372.0 11
100 10 100 10 11 Lyui 4 14263.6 0.848786 19361.0 3223.0 11
100 10 100 10 11 Lyui 5 10125.3 0.832597 12907.0 535.0 11
100 10 100 10 11 Lobats 1 2240 0.945049 2962.0 1127.0 11
100 10 100 10 11 Lobats 2 1964.45 0.817033 3344.0 623.0 11
100 10 100 10 11 Lobats 3 3272.73 0.86919 4521.0 524.0 11
100 10 100 10 11 Lobats 4 2225.27 0.936062 2913.0 1207.0 11
100 10 100 10 10 Simple 1 1255.7 0.834977 1917.0 503.0 10
100 10 100 10 10 Simple 2 1073.4 0.88941 1635.0 531.0 10
100 10 100 10 10 Simple 3 992.4 0.782192 1853.0 500.0 10
100 10 100 10 10 Simple 4 1760.9 0.908964 2543.0 1009.0 10
100 10 100 10 10 Simple 5 1488.6 0.769076 2812.0 498.0 10
100 10 100 10 11 Lobats 5 2144.45 0.885052 2898.0 815.0 11
100 10 100 10 10 LocalVoting 1 1254.9 0.870398 1683.0 502.0 10
100 10 100 10 10 LocalVoting 2 1106.3 0.906043 1355.0 505.0 10
100 10 100 10 10 LocalVoting 3 1759.8 0.964574 2075.0 1099.0 10
100 10 100 10 10 LocalVoting 4 1878 0.967808 2080.0 1024.0 10
100 10 100 10 10 LocalVoting 5 1230.8 0.85343 1822.0 497.0 10
100 10 100 10 10 LQF 1 1672 0.958338 1854.0 864.0 10
100 10 100 10 10 LQF 2 1385.1 0.90733 1722.0 532.0 10
100 10 100 10 10 LQF 3 1680.7 0.916556 1943.0 577.0 10
100 10 100 10 10 LQF 4 1542.5 0.960741 1715.0 684.0 10
100 10 100 10 10 LQF 5 1547.7 0.980406 1713.0 1149.0 10
100 10 100 10 10 DRAND 1 11088.8 0.890157 16263.0 5372.0 10
100 10 100 10 10 DRAND 2 36509.5 0.914702 42135.0 8688.0 10
100 10 100 10 10 DRAND 3 12741.2 0.896163 17445.0 5754.0 10
100 10 100 10 10 DRAND 4 13696.6 0.735874 23198.0 5744.0 10
100 10 100 10 10 DRAND 5 23869.7 0.781965 34185.0 5643.0 10
100 10 100 10 10 Lyui 2 8322 0.89222 12784.0 6347.0 10
100 10 100 10 10 Lyui 1 10437.2 0.697844 19274.0 495.0 10
100 10 100 10 10 Lyui 3 16223.8 0.767353 25621.0 495.0 10
100 10 100 10 10 Lyui 4 9829.7 0.607834 19342.0 495.0 10
100 10 100 10 10 Lyui 5 21041 0.91483 25612.0 6343.0 10
100 10 100 10 10 Lobats 2 3154.5 0.846911 4572.0 1232.0 10
100 10 100 10 10 Lobats 3 2046.4 0.83295 3134.0 631.0 10
100 10 100 10 10 Lobats 1 1755.1 0.886118 2588.0 679.0 10
100 10 100 10 10 Lobats 4 2588.9 0.78933 3944.0 670.0 10
100 10 100 10 9 Simple 1 869.222 0.919616 1295.0 518.0 9
100 10 100 10 9 Simple 2 808.889 0.897237 1269.0 495.0 9
100 10 100 10 9 Simple 3 1406.89 0.87039 2006.0 510.0 9
100 10 100 10 9 Simple 4 1220.78 0.734435 2131.0 495.0 9
100 10 100 10 9 Simple 5 1168.11 0.842791 1758.0 499.0 9
100 10 100 10 10 Lobats 5 2266.2 0.915536 3140.0 876.0 10
100 10 100 10 9 LocalVoting 3 1181.22 0.97249 1392.0 815.0 9
100 10 100 10 9 LocalVoting 1 1403.78 0.917361 1780.0 519.0 9
100 10 100 10 9 LocalVoting 2 2010.67 0.99565 2207.0 1823.0 9
100 10 100 10 9 LocalVoting 4 982 0.915026 1357.0 535.0 9
100 10 100 10 9 LocalVoting 5 989.889 0.878249 1374.0 495.0 9
100 10 100 10 9 LQF 2 927 0.924152 1192.0 497.0 9
100 10 100 10 9 LQF 1 1383.11 0.950571 1517.0 499.0 9
100 10 100 10 9 LQF 3 1096.22 0.87114 1400.0 497.0 9
100 10 100 10 9 DRAND 1 13218.8 0.843431 20492.0 6734.0 9
100 10 100 10 9 DRAND 2 10960 0.890543 15663.0 5168.0 9
100 10 100 10 9 LQF 4 1546.78 0.989621 1611.0 1099.0 9
100 10 100 10 9 LQF 5 1578 0.9727 1728.0 1079.0 9
100 10 100 10 9 DRAND 4 6529 0.809249 11594.0 495.0 9
100 10 100 10 9 DRAND 3 13366.8 0.946023 16870.0 8383.0 9
100 10 100 10 9 DRAND 5 12064 0.891966 17127.0 5679.0 9
100 10 100 10 9 Lyui 1 14958.8 0.925529 19218.0 6381.0 9
100 10 100 10 9 Lyui 2 18120.4 0.828895 25692.0 3227.0 9
100 10 100 10 9 Lyui 3 10959.7 0.719315 19350.0 2698.0 9
100 10 100 10 9 Lyui 4 10031 0.624088 19255.0 495.0 9
100 10 100 10 9 Lyui 5 18957.2 0.85023 25701.0 2134.0 9
100 10 100 10 9 Lobats 1 2016.44 0.873239 2973.0 495.0 9
100 10 100 10 9 Lobats 2 2167.22 0.859577 3214.0 752.0 9
100 10 100 10 9 Lobats 3 1979 0.866953 2766.0 677.0 9
100 10 100 10 9 Lobats 4 1648.22 0.839761 2739.0 778.0 9
100 10 100 10 8 Simple 1 1241.75 0.911746 1833.0 512.0 8
100 10 100 10 8 Simple 2 1368.75 0.869299 2239.0 637.0 8
100 10 100 10 8 Simple 3 1531.25 0.673288 3019.0 495.0 8
100 10 100 10 8 Simple 4 820.25 0.911185 1110.0 499.0 8
100 10 100 10 8 Simple 5 1208.25 0.924967 1565.0 502.0 8
100 10 100 10 9 Lobats 5 1350.89 0.888563 1924.0 522.0 9
100 10 100 10 8 LocalVoting 1 1040.12 0.91789 1299.0 533.0 8
100 10 100 10 8 LocalVoting 2 1085.38 0.914903 1453.0 495.0 8
100 10 100 10 8 LocalVoting 5 747.75 0.937756 992.0 499.0 8
100 10 100 10 8 LocalVoting 4 1122.62 0.977696 1283.0 734.0 8
100 10 100 10 8 LocalVoting 3 1121.12 0.929664 1429.0 576.0 8
100 10 100 10 8 LQF 2 1180.5 0.966436 1333.0 729.0 8
100 10 100 10 8 LQF 1 1523.62 0.99645 1590.0 1361.0 8
100 10 100 10 8 LQF 4 750.875 0.936436 905.0 495.0 8
100 10 100 10 8 LQF 3 665.875 0.959851 813.0 495.0 8
100 10 100 10 8 DRAND 1 16211.8 0.791718 24050.0 5961.0 8
100 10 100 10 8 DRAND 2 19177.1 0.877195 25694.0 6345.0 8
100 10 100 10 8 LQF 5 802.5 0.958995 905.0 500.0 8
100 10 100 10 8 DRAND 4 8842.88 0.898976 11873.0 5845.0 8
100 10 100 10 8 DRAND 3 24175.2 0.92075 29573.0 11808.0 8
100 10 100 10 8 DRAND 5 14711.5 0.883988 18695.0 6152.0 8
100 10 100 10 8 Lyui 1 9989.5 0.877571 12886.0 3178.0 8
100 10 100 10 8 Lyui 2 15221.5 0.921742 19307.0 6463.0 8
100 10 100 10 8 Lyui 3 9224.62 0.857745 12906.0 3200.0 8
100 10 100 10 8 Lyui 4 16005.8 0.960749 19342.0 12725.0 8
100 10 100 10 8 Lyui 5 9108 0.77322 12966.0 579.0 5
100 10 100 10 8 Lobats 1 2082 0.961629 2516.0 1127.0 8
100 10 100 10 8 Lobats 2 1272.75 0.894061 1780.0 527.0 8
100 10 100 10 8 Lobats 3 1932.12 0.889212 2647.0 721.0 8
100 10 100 10 8 Lobats 4 2121.5 0.865774 2879.0 714.0 8
100 10 100 10 7 Simple 1 1256.71 0.926721 1700.0 512.0 7
100 10 100 10 7 Simple 2 1039.14 0.853875 1640.0 525.0 7
100 10 100 10 7 Simple 3 1171.29 0.850086 1759.0 533.0 7
100 10 100 10 7 Simple 4 1016.14 0.853159 1485.0 499.0 7
100 10 100 10 7 Simple 5 1007.14 0.851221 1571.0 499.0 7
100 10 100 10 8 Lobats 5 2205.5 0.912466 2902.0 655.0 8
100 10 100 10 7 LocalVoting 2 839.857 0.911061 1136.0 530.0 7
100 10 100 10 7 LocalVoting 1 1193.29 0.880557 1479.0 497.0 7
100 10 100 10 7 LocalVoting 3 1096.57 0.909575 1389.0 564.0 7
100 10 100 10 7 LocalVoting 4 1026.29 0.955811 1270.0 696.0 7
100 10 100 10 7 LocalVoting 5 1080.71 0.97033 1262.0 772.0 7
100 10 100 10 7 LQF 2 1483.43 0.94979 1627.0 648.0 7
100 10 100 10 7 LQF 1 1052.14 0.993942 1100.0 859.0 7
100 10 100 10 7 LQF 3 897.429 0.996159 968.0 835.0 7
100 10 100 10 7 DRAND 1 8907 0.806836 12408.0 495.0 7
100 10 100 10 7 LQF 4 1182.57 0.946786 1305.0 496.0 7
100 10 100 10 7 DRAND 2 13689.3 0.871017 18122.0 5972.0 7
100 10 100 10 7 LQF 5 678.429 0.948536 831.0 496.0 7
100 10 100 10 7 DRAND 3 13499.6 0.825921 19169.0 6280.0 7
100 10 100 10 7 DRAND 4 15264.6 0.72589 23273.0 495.0 7
100 10 100 10 7 DRAND 5 13511.7 0.869954 18925.0 6241.0 7
100 10 100 10 7 Lyui 1 9116.71 0.892914 12840.0 6365.0 7
100 10 100 10 7 Lyui 2 12784.3 0.826204 19238.0 6393.0 7
100 10 100 10 7 Lyui 3 5504.57 0.934413 6503.0 3192.0 7
100 10 100 10 7 Lyui 4 13409.7 0.843334 19281.0 4231.0 7
100 10 100 10 7 Lyui 5 8844.17 0.803884 13031.0 1587.0 6
100 10 100 10 7 Lobats 1 1176.57 0.929873 1483.0 788.0 7
100 10 100 10 7 Lobats 2 1590.43 0.983938 1935.0 1228.0 7
100 10 100 10 7 Lobats 3 1412 0.959622 1731.0 914.0 7
100 10 100 10 6 Simple 1 771.667 0.891312 1268.0 499.0 6
100 10 100 10 6 Simple 2 722.333 0.92567 1015.0 496.0 6
100 10 100 10 7 Lobats 4 1334.86 0.931127 1762.0 793.0 7
100 10 100 10 6 Simple 3 1267.83 0.968825 1519.0 1015.0 6
100 10 100 10 7 Lobats 5 1698.29 0.933491 2263.0 761.0 7
100 10 100 10 6 Simple 4 1190.33 0.876868 1901.0 521.0 6
100 10 100 10 6 Simple 5 659 0.868545 1211.0 499.0 6
100 10 100 10 6 LocalVoting 1 1250.17 0.989141 1336.0 961.0 6
100 10 100 10 6 LocalVoting 2 661.333 0.9882 729.0 510.0 6
100 10 100 10 6 LocalVoting 4 731.833 0.967789 860.0 508.0 6
100 10 100 10 6 LocalVoting 3 1422.67 0.993009 1509.0 1159.0 6
100 10 100 10 6 LQF 1 754.333 0.976895 810.0 495.0 6
100 10 100 10 6 LocalVoting 5 1097.5 0.869018 1462.0 498.0 6
100 10 100 10 6 LQF 2 1418.67 0.999974 1427.0 1404.0 6
100 10 100 10 6 LQF 3 787.833 0.959889 905.0 513.0 6
100 10 100 10 6 LQF 5 1470.33 0.964974 1601.0 844.0 6
100 10 100 10 6 LQF 4 832.167 0.968198 927.0 499.0 6
100 10 100 10 6 DRAND 1 6968.17 0.759484 11818.0 495.0 6
100 10 100 10 6 DRAND 2 7775.33 0.891262 11635.0 5753.0 6
100 10 100 10 6 DRAND 3 18663.3 0.874737 23653.0 6044.0 6
100 10 100 10 6 DRAND 4 9325.17 0.899687 12556.0 6139.0 6
100 10 100 10 6 DRAND 5 25203.8 0.999981 25390.0 25027.0 6
100 10 100 10 6 Lyui 1 8530.83 0.889974 12814.0 6361.0 6
100 10 100 10 6 Lyui 2 5882.17 0.959693 6453.0 3187.0 6
100 10 100 10 6 Lyui 4 8015.33 0.832267 12856.0 3206.0 6
100 10 100 10 6 Lyui 5 4973.17 0.8401 6548.0 906.0 6
100 10 100 10 6 Lyui 3 12255.2 0.753553 19184.0 3203.0 6
100 10 100 10 6 Lobats 1 2198.67 0.945944 2712.0 1149.0 6
100 10 100 10 6 Lobats 2 1534 0.973086 1840.0 1034.0 6
100 10 100 10 6 Lobats 3 945.167 0.951104 1328.0 655.0 6
100 10 100 10 6 Lobats 4 1028 0.919775 1444.0 576.0 6
100 10 100 10 5 Simple 1 693 0.936122 969.0 499.0 5
100 10 100 10 5 Simple 2 1311 0.94261 1819.0 825.0 5
100 10 100 10 5 Simple 3 991.6 0.860345 1489.0 503.0 5
100 10 100 10 5 Simple 5 524.8 0.992814 614.0 500.0 5
100 10 100 10 5 Simple 4 745.2 0.919606 1043.0 496.0 5
100 10 100 10 5 LocalVoting 1 604 0.977375 717.0 524.0 5
100 10 100 10 6 Lobats 5 1641 0.89038 2179.0 617.0 6
100 10 100 10 5 LocalVoting 3 662.6 0.993526 756.0 612.0 5
100 10 100 10 5 LocalVoting 2 1033.2 0.933136 1260.0 505.0 5
100 10 100 10 5 LocalVoting 4 516.2 0.999017 541.0 498.0 5
100 10 100 10 5 LocalVoting 5 648.6 0.974697 766.0 511.0 5
100 10 100 10 5 LQF 1 1116.8 0.999975 1121.0 1106.0 5
100 10 100 10 5 LQF 2 499.6 0.999985 503.0 497.0 5
100 10 100 10 5 LQF 4 981.6 0.943009 1105.0 499.0 5
100 10 100 10 5 LQF 3 1198.8 0.999993 1204.0 1195.0 5
100 10 100 10 5 DRAND 1 11039.4 0.95249 12339.0 6109.0 5
100 10 100 10 5 DRAND 3 8378.6 0.889373 12049.0 5957.0 5
100 10 100 10 5 DRAND 2 9925.4 0.917796 12441.0 6142.0 5
100 10 100 10 5 LQF 5 723.6 0.93925 882.0 496.0 5
100 10 100 10 5 DRAND 4 10049 0.815668 12500.0 495.0 5
100 10 100 10 5 DRAND 5 8240.2 0.891516 11805.0 5890.0 5
100 10 100 10 5 Lyui 1 8317.4 0.825328 12844.0 3217.0 5
100 10 100 10 5 Lyui 2 8338.6 0.8268 12789.0 3202.0 5
100 10 100 10 5 Lyui 3 8583.6 0.848914 12922.0 4240.0 5
100 10 100 10 5 Lyui 4 12776.8 0.999968 12851.0 12654.0 5
100 10 100 10 5 Lyui 5 11561.2 0.951735 13090.0 6360.0 5
100 10 100 10 5 Lobats 1 1512 0.817109 2110.0 573.0 5
100 10 100 10 5 Lobats 3 1012.4 0.951661 1332.0 736.0 5
100 10 100 10 5 Lobats 2 1529.6 0.933745 2031.0 1130.0 5
100 10 100 10 4 Simple 1 914.25 0.812788 1536.0 496.0 4
100 10 100 10 5 Lobats 4 1409.2 0.997986 1481.0 1316.0 5
100 10 100 10 4 Simple 2 774 0.978587 971.0 687.0 4
100 10 100 10 4 Simple 3 851 0.858065 1209.0 502.0 4
100 10 100 10 5 Lobats 5 1718.8 0.877201 2391.0 524.0 5
100 10 100 10 4 Simple 4 599.5 0.980331 704.0 510.0 4
100 10 100 10 4 Simple 5 918 0.947899 1161.0 587.0 4
100 10 100 10 4 LocalVoting 1 1109.75 0.968118 1232.0 761.0 4
100 10 100 10 4 LocalVoting 2 668.25 0.97955 747.0 503.0 4
100 10 100 10 4 LocalVoting 3 654.75 0.971146 775.0 507.0 4
100 10 100 10 4 LocalVoting 4 1029.75 0.995139 1105.0 912.0 4
100 10 100 10 4 LocalVoting 5 692 0.981608 751.0 528.0 4
100 10 100 10 4 LQF 1 603 0.988617 656.0 495.0 4
100 10 100 10 4 LQF 3 571.75 0.994163 600.0 496.0 4
100 10 100 10 4 LQF 2 1124.75 0.99998 1130.0 1117.0 4
100 10 100 10 4 LQF 4 759 0.989849 807.0 626.0 4
100 10 100 10 4 DRAND 1 8286 0.901436 11058.0 5488.0 4
100 10 100 10 4 DRAND 2 11401 0.941796 13178.0 6495.0 4
100 10 100 10 4 DRAND 3 8956 0.901656 11963.0 5864.0 4
100 10 100 10 4 LQF 5 573.25 0.993973 601.0 496.0 4
100 10 100 10 4 DRAND 4 9399.75 0.903329 12507.0 6185.0 4
100 10 100 10 4 DRAND 5 11800 0.940781 13630.0 6674.0 4
100 10 100 10 4 Lyui 1 7987 0.737211 12797.0 3205.0 4
100 10 100 10 4 Lyui 2 8818.5 0.817569 12906.0 3178.0 4
100 10 100 10 4 Lyui 3 5642.75 0.940733 6560.0 3192.0 4
100 10 100 10 4 Lyui 4 8001 0.892695 9678.0 3197.0 4
100 10 100 10 4 Lyui 5 9664.25 0.903156 12925.0 6339.0 4
100 10 100 10 4 Lobats 2 775.75 0.986833 899.0 673.0 4
100 10 100 10 4 Lobats 1 1304.5 0.932773 1834.0 849.0 4
100 10 100 10 4 Lobats 3 1318.25 0.962757 1709.0 992.0 4
100 10 100 10 4 Lobats 4 944.25 0.898637 1468.0 661.0 4
100 10 100 10 3 Simple 1 552.667 0.994957 589.0 498.0 3
100 10 100 10 3 Simple 3 685 0.997651 709.0 638.0 3
100 10 100 10 3 Simple 2 758 0.974143 892.0 594.0 3
100 10 100 10 3 Simple 5 576 0.998998 601.0 558.0 3
100 10 100 10 3 Simple 4 1034.33 0.941173 1252.0 671.0 3
100 10 100 10 4 Lobats 5 1565.75 0.893101 1988.0 646.0 4
100 10 100 10 3 LocalVoting 1 507.667 0.999699 520.0 500.0 3
100 10 100 10 3 LocalVoting 3 520.333 0.999099 536.0 499.0 3
100 10 100 10 3 LocalVoting 2 666 0.994934 710.0 600.0 3
100 10 100 10 3 LocalVoting 4 625.667 0.988202 690.0 531.0 3
100 10 100 10 3 LocalVoting 5 598.333 0.988695 648.0 508.0 3
100 10 100 10 3 LQF 1 496.333 0.999996 497.0 495.0 3
100 10 100 10 3 LQF 2 497.667 0.999975 501.0 495.0 3
100 10 100 10 3 LQF 4 597.333 0.999361 609.0 576.0 3
100 10 100 10 3 LQF 3 604 0.999993 606.0 602.0 3
100 10 100 10 3 DRAND 1 10186 0.92831 12218.0 6183.0 3
100 10 100 10 3 DRAND 2 8798 0.926389 10591.0 5291.0 3
100 10 100 10 3 LQF 5 498 0.999981 500.0 495.0 3
100 10 100 10 3 DRAND 3 6489.33 0.999982 6526.0 6461.0 3
100 10 100 10 3 DRAND 4 6289.33 0.999972 6320.0 6243.0 3
100 10 100 10 3 DRAND 5 6311.67 0.999274 6546.0 6147.0 3
100 10 100 10 3 Lyui 1 4435 0.717036 6425.0 495.0 3
100 10 100 10 3 Lyui 2 9617 0.817198 12904.0 3185.0 3
100 10 100 10 3 Lyui 3 4695.67 0.788817 6455.0 1260.0 3
100 10 100 10 3 Lyui 4 10768 0.926663 12912.0 6484.0 3
100 10 100 10 3 Lyui 5 6408 0.999983 6438.0 6374.0 3
100 10 100 10 3 Lobats 1 1150 0.894785 1489.0 597.0 3
100 10 100 10 3 Lobats 2 1458.67 0.974736 1699.0 1140.0 3
100 10 100 10 3 Lobats 3 1409.67 0.993626 1491.0 1250.0 3
100 10 100 10 3 Lobats 4 1777.33 0.969615 2153.0 1383.0 3
100 10 100 10 2 Simple 1 507.5 0.99972 516.0 499.0 2
100 10 100 10 2 Simple 2 648.5 0.949537 798.0 499.0 2
100 10 100 10 2 Simple 3 705.5 0.927327 903.0 508.0 2
100 10 100 10 3 Lobats 5 1082.33 0.930766 1484.0 783.0 3
100 10 100 10 2 Simple 5 569 0.996013 605.0 533.0 2
100 10 100 10 2 Simple 4 674 0.960878 810.0 538.0 2
100 10 100 10 2 LocalVoting 2 501 0.9999 506.0 496.0 2
100 10 100 10 2 LocalVoting 1 728.5 0.999657 742.0 715.0 2
100 10 100 10 2 LocalVoting 3 531.5 0.999801 539.0 524.0 2
100 10 100 10 2 LocalVoting 4 549 0.999997 550.0 548.0 2
100 10 100 10 2 LocalVoting 5 537.5 0.99937 551.0 524.0 2
100 10 100 10 2 LQF 1 499.5 0.999991 501.0 498.0 2
100 10 100 10 2 LQF 3 501 0.999984 503.0 499.0 2
100 10 100 10 2 LQF 2 498.5 0.999951 502.0 495.0 2
100 10 100 10 2 LQF 4 497.5 0.999975 500.0 495.0 2
100 10 100 10 2 LQF 5 497.5 0.999991 499.0 496.0 2
100 10 100 10 2 DRAND 2 11497 0.999895 11615.0 11379.0 2
100 10 100 10 2 DRAND 1 5993.5 1 5995.0 5992.0 2
100 10 100 10 2 DRAND 3 6168 0.999852 6243.0 6093.0 2
100 10 100 10 2 DRAND 4 11782 0.999979 11836.0 11728.0 2
100 10 100 10 2 DRAND 5 10824.5 0.999999 10834.0 10815.0 2
100 10 100 10 2 Lyui 2 6471.5 0.999983 6498.0 6445.0 2
100 10 100 10 2 Lyui 1 12747.5 0.999992 12784.0 12711.0 2
100 10 100 10 2 Lyui 3 6410.5 0.999988 6433.0 6388.0 2
100 10 100 10 2 Lyui 4 6378.5 1 6383.0 6374.0 2
100 10 100 10 2 Lyui 5 6377 0.999966 6414.0 6340.0 2
100 10 100 10 2 Lobats 1 1036.5 0.993242 1122.0 951.0 2
100 10 100 10 2 Lobats 2 1112.5 0.82211 1630.0 595.0 2
100 10 100 10 2 Lobats 3 1374 0.979454 1573.0 1175.0 2
100 10 100 10 2 Lobats 4 986 0.875395 1358.0 614.0 2
100 10 100 10 1 Simple 2 499 1 499.0 499.0 1
100 10 100 10 1 Simple 3 499 1 499.0 499.0 1
100 10 100 10 1 Simple 1 829 1 829.0 829.0 1
100 10 100 10 1 Simple 4 511 1 511.0 511.0 1
100 10 100 10 2 Lobats 5 1564.5 0.999992 1569.0 1560.0 2
100 10 100 10 1 Simple 5 726 1 726.0 726.0 1
100 10 100 10 1 LocalVoting 1 499 1 499.0 499.0 1
100 10 100 10 1 LocalVoting 2 499 1 499.0 499.0 1
100 10 100 10 1 LocalVoting 3 521 1 521.0 521.0 1
100 10 100 10 1 LocalVoting 4 499 1 499.0 499.0 1
100 10 100 10 1 LocalVoting 5 543 1 543.0 543.0 1
100 10 100 10 1 LQF 1 495 1 495.0 495.0 1
100 10 100 10 1 LQF 3 501 1 501.0 501.0 1
100 10 100 10 1 LQF 2 500 1 500.0 500.0 1
100 10 100 10 1 LQF 4 495 1 495.0 495.0 1
100 10 100 10 1 LQF 5 498 1 498.0 498.0 1
100 10 100 10 1 DRAND 1 5494 1 5494.0 5494.0 1
100 10 100 10 1 DRAND 2 6226 1 6226.0 6226.0 1
100 10 100 10 1 DRAND 3 6338 1 6338.0 6338.0 1
100 10 100 10 1 DRAND 5 5774 1 5774.0 5774.0 1
100 10 100 10 1 DRAND 4 5508 1 5508.0 5508.0 1
100 10 100 10 1 Lyui 2 3224 1 3224.0 3224.0 1
100 10 100 10 1 Lyui 1 6506 1 6506.0 6506.0 1
100 10 100 10 1 Lyui 3 6502 1 6502.0 6502.0 1
100 10 100 10 1 Lyui 4 6580 1 6580.0 6580.0 1
100 10 100 10 1 Lyui 5 3197 1 3197.0 3197.0 1
100 10 100 10 1 Lobats 1 1170 1 1170.0 1170.0 1
100 10 100 10 1 Lobats 2 784 1 784.0 784.0 1
100 10 100 10 1 Lobats 4 650 1 650.0 650.0 1
100 10 100 10 1 Lobats 3 1313 1 1313.0 1313.0 1
100 10 100 10 1 Lobats 5 719 1 719.0 719.0 1
