0.00576667
6.6501
0.0726333
3.69077
0.0975
5.9769
3.47487
6.60673
0.3172
1.73993
0.283433
0.0915
24.3758
0.3875
0.0534667
0.470667
3.84527
1.3668
1.8945
6.6454
0.0352333
0.0024
0.0574667
0.130567
15.5678
0.00483333
3.10683
0.000933333
0.0139333
2.91257
0.998033
0.1012
3.57463
3.8489
1.7553
4.60307
0.1046
1.94377
9.0873
5.38307
1.70403
1.06857
0.0122333
0.133933
6.71683
1
0.0158667
1.60043
0.00226667
0.0014
0.5151
0.626967
14.999
0.600633
6.5063
0.0663667
0.0536667
0.196167
0
0.00106667
1.37117
0.00176667
2.80363
8.05773
0.3713
0.698867
0.4219
7.22237
0.273567
0.0489333
1.38553
12.455
1.933
6.80893
0.00416667
2.9347
0.00336667
0.0154667
0.0104
0.2263
0
6.20323
0.0103
0.00376667
1.14393
8.44123
0.00333333
0.2622
2.24353
0.242633
0.0213333
0
13.1904
1.02113
0.0118667
2.95057
10.3124
0.0111333
0.2399
0.998
