0.0154328
0.524922
0.757341
1.45155e-05
0.0897303
0.327756
0.0435652
1.65208
0.039932
0.130862
2.41872
5.13623
0.00776641
2.76774
0.208393
1.36112
0.404187
0.0020666
2.39749
0.232792
0.286357
0
0.353355
0.0137995
0.165161
1.73964
0.00369988
0.364921
0.00876637
2.69784
0.374021
1.61885
0.0108736
0.00166661
0.583214
0.00323323
0.0119329
0.483588
0.349455
0.0129662
8.45135
0.066111
0.79584
0.00416653
0.00643312
2.10116
0.00736377
0.00829972
0.00163328
0.427152
0.028599
0.0543315
0.0163661
0.0330656
0.200593
1.42745
0.031199
0.641412
3.13916
0.0818973
0.0645645
0.00646645
0.0180661
0.173961
0.0452985
0.0265324
0.050765
0.674278
0.00959968
0.0148662
0.00519983
0.00879971
0.00866638
0.110363
0.0283657
0.00723309
1.29299
2.40159
0.0195327
0.79254
0.0599313
3.84217
0.00839972
4.44545
0.727976
0.00813306
1.66341
0.343922
0.0760308
10.2598
0.00866638
2.1228
0.236825
0.00919969
0.00819973
4.91757
0.10633
1.0632
0.437419
0.187494
