0.0097
0.380567
0.700333
0.0186333
0.00863333
0.0142667
0.0232667
0.937933
0.0770333
0.405633
0.0143667
0.1503
0.00466667
1.0818
0.213133
0.109167
0.0210667
0.180167
0.921833
0.0378333
0.194767
0.0136333
0.0515667
0
0.00496667
0.00576667
0.0056
0.0111
0.00343333
0.0523
0.0605667
0.1177
0.0162333
0.108633
0.1596
0.0234
0.00433333
0.2578
0.00536667
0.1961
0.2673
0.100867
0.390567
0.0136667
0.0440333
0.1016
0.0285333
0.807267
0.433067
0.2152
0.00266667
0.206867
0.000366667
0.6414
0.0941333
0.00356667
0.00616667
0.0418667
0.0288
0.0206
0.211433
0.2299
0.0336333
0.0248667
0.0313333
0.00363333
1.1854
0.0121333
0.558167
0.5706
0.0787333
0.0151333
0.0101333
0.109967
0.178367
0.5418
0.534267
0.0404333
0.0907333
0.0457667
0.0344667
0.0356667
0.0129333
0.705333
0.384067
0.00336667
0.0044
0.0052
0.00356667
0.4901
0.0430333
0.00333333
0.0223333
0.0290333
0.705367
0.101933
0.0210667
0.0308
0.880133
0.716733
