0.0259991
0.0739975
0.0493984
0.0699977
0.546648
0.049465
0.0467318
0.575081
0.427986
0.0495317
0.0467984
0.538449
0.59448
0.0495983
0.0468651
0.0523316
0.140995
0.564381
0.440985
0.0469318
0.0744975
0.0784974
0.767174
0.440019
0.243659
0.0704977
0.0248658
0.143662
0.157328
0.696977
0.701043
0.0705976
0.0788307
3.26789
0.487484
0.201593
0.0471318
0.158761
0.126396
0.550982
0.455385
0.0471984
0.142495
0.560248
0.831872
0.202527
0.543982
0.0472651
0.173994
0.190394
0.735709
0.459185
0.547382
0.539982
0.0794974
0.50305
0.217993
1.83594
0.508183
0.131096
0.143395
0.49985
0.512383
0.127729
0.189794
0.535715
0.61088
0.175594
0.544482
0.495983
0.520116
0.583314
0
0.567781
0.512383
1.9036
0.0460318
0.554382
0.512216
0.742375
0.0446985
0.0460651
1.121
0.524783
0.566981
0.0433652
0.0460985
0.0447318
0.571881
0.273591
0.0447652
0.0433986
0.372321
0.0434319
0.0461651
0.267591
0.0448318
0.0461985
0.206726
0.0434986
0.0462318
0.0448652
0.332789
0.0448985
0.0435319
0.322489
0.0435652
0.0462985
0.0449652
0.0436319
0.0286657
0.0273324
0.0273658
0.0287657
0.0983301
0.0984967
0.0288324
0.128329
0.0274991
0.118396
0.0550982
0.152995
0.09883
0.102197
0.147195
0.0275657
0.178194
0.0552982
0.170661
0.0289657
0.0991634
0.0854972
0.129262
0.335989
0.059598
0.0924969
0.171328
0.224793
0.447985
0.0198993
0.137329
0.129729
0.319589
0.425752
0.906636
0.0797307
0.0928302
0.171994
0.264125
0.427519
0.489084
0.019966
0.0861638
0.130196
0.274524
0.372588
1.25236
0.0558981
0.189927
0.275491
1.29316
0.419519
0.0864971
0.266924
0.432819
0.475984
0.385387
0.437319
0.258291
0.0973301
0.386954
0.473784
0.345588
0.0973968
0.41332
0.496783
0.250458
0.0473651
0.682244
0.423286
0.506116
0.0473984
0.522483
0.0474318
0.0396653
0.0383321
0.0369988
0.0474984
0.0383654
0.0397653
0.0475317
0.0475651
0.0397987
0.0384654
0.0384987
0.0476317
0.0398987
0.0743309
0.039932
0.0385987
0.0356655
0.0343322
0.0343655
0.0357655
0.0358321
0.0344989
0.0345655
0.0359655
0.0326656
0.0313323
0.029999
0.0313656
0.0327656
0.0669978
0.0328322
0.0447318
0.031499
0.0839972
0.0447985
0.0210326
0.0603313
0.0448652
0.0315656
0.0631979
0.0329656
0.0673978
0.0632979
0.0674978
0.0845305
0.203993
0.0450652
0.0634979
0.180494
0.255991
0.0451318
0.0635979
0.277524
0.224693
0.0451985
0.0636979
0.157295
0.321989
0.0452652
0.0637979
0.20456
0.254792
0.0212993
0.182494
0.30239
0.227492
0.451385
0.195727
0.217326
0.250692
0.19626
0.159895
0.29519
0.252225
0.0423319
0.0409986
0.0424319
0.0410986
0.0424653
0.041132
0.0425319
0.041232
0.0425986
0.0426319
0.0412653
0.0263325
0.0249992
0.0263658
0.0709976
0.551982
0.0473984
0.564181
0.51165
0.0474651
0.561181
0.498083
0.451985
0.0475317
0.0264991
0.0251325
0.127996
0.567281
0.499183
0.245292
0.0251658
0.0713976
0.128262
0.219993
0.949368
1.0423
0.29879
0.0714976
0.0265658
0.132296
0.144595
0.595313
0.61378
0.441552
0.253325
0.0477317
0.128796
0.10693
0.20626
0.822373
0.527982
0.256658
0.0477984
0.118129
0.177461
0.585214
1.18156
0.29299
0.214393
0.0478651
0.145495
0.174628
0.207193
0.793774
0.727676
0.353055
0.645978
0.0479317
0.177994
0.129596
0.620379
0.529716
0.260091
0.552882
0.215459
0.511316
0.0973968
0.161995
0.208126
0.623413
0.281391
0.515983
0.554548
0.134096
0.178927
0.443319
0.755408
0.243592
0.567581
0.0814973
0.162795
0.223993
0.550982
0.549715
0.119729
0.536649
0.217593
0.504717
0.177227
0.522116
0.575981
0.0463318
1.35105
0.580247
0.0463651
0.0449985
0.51025
1.1325
0.0450318
0.0436652
0.519083
0.524383
0.0436985
0.0464318
0.528182
0.0450985
0.0464651
0.0437652
0.0464985
0.0451318
0.0451652
0.0437985
0.0438319
0.0465651
0.0452318
0.0465984
0.0438985
0.0466318
0.0452652
0.0452985
0.0439319
0.0439652
0.028999
0.0276657
0.0277657
0.0583314
0.149328
0
0.0278324
0.0747975
0.173328
0.121563
0.131129
0.0562981
0.156595
0.104597
0.150395
0.28999
0.0279657
0.0941635
0.174661
0.203693
0.416653
0.139995
0.150928
0.301723
0.334656
0.538982
0.0755975
0.175327
0.224626
0.445185
0.443085
0.122963
0.151462
0.31359
0.581881
0.515849
0.0758641
0.140795
0.226159
0.355588
0.525382
0.070531
0.276257
0.382487
0.463651
0.257391
0.39252
0.515983
0.278124
0.376921
0.532782
0.0476651
0.219259
0.386987
0.528016
0.0953968
0.362588
0.50865
0.0477317
0.547482
0.0955301
0.0386654
0.0477984
0.0373321
0.0956635
0.0478651
0.038732
0.0373654
0.0957968
0.0479317
0.038832
0.0959301
0.0374988
0.0388654
0.0375654
0.0389654
6.65107e-06
0.0359988
0.0346655
0.0333322
0.0333656
0.0347655
0.0723309
0.0348322
0.0334989
0.0335655
0.0349655
1.73727e-05
0
0.0329989
0.0316656
0.0303323
0.0303657
0.0317656
0.0679977
0.0663311
0.0453985
0.0318323
0.127996
0.021366
0.030499
0.0681977
0.0799973
0.0455318
0.0200327
0.128396
0.0455985
0.0305656
1.75747
0.10033
0.0429319
0.0200993
0.0684977
0.0319656
0.20966
0.0457318
0.0644979
0.060398
0.123663
0.28599
0.0457985
0.0430652
0.060498
0.242725
0.185994
0.0458651
0.0431319
0.060598
0.149195
0.243459
0.0459318
0.0431986
0.0404653
0.266391
0.373988
0.0432652
0.060798
0.137495
0.267191
0.0202993
0.267991
0.162928
0.150795
0.30239
0.213426
0.176394
0.113696
0.259125
0.248592
0.0426986
0.0413653
0.0427319
0.040032
0.0427652
0.0413986
0.0400653
0.0428319
0.0414986
0.0428652
0.0401653
0.0428986
0.0415319
0.0401987
0.0429652
0.0416319
0.0402987
0
0.0253325
0.0719976
0.0480651
0.0253992
0.517983
0.0721976
0.508316
0.282657
0.0481984
0.179661
1.43422
0.340889
0.0482651
0.0254992
0.0981967
0.164995
0.724476
0.28599
0.0724976
0.135295
0.147595
0.71251
0.331189
0.259658
0.0483984
0.0985967
0.150695
0.19586
0.658645
0.315989
0.0484651
0.105696
0.164661
0.778774
0.474984
0.233459
0.0485317
0.131996
0.137662
0.21186
0.569481
0.383921
0.551982
0.0485984
0.166828
0.148795
0.614246
0.357288
0.482651
0.193194
0.550648
0.115963
0.207493
0.167194
0.584181
0.537582
1.17083
1.39115
0.556648
0.137095
0.149395
0.371188
0.518483
0.166394
0.482784
0.568948
0.0997967
0.152895
0.19846
0.50905
0.524316
2.76751
2.05013
0.548815
0.250792
0.89277
0.569914
0.139662
0.495983
0.50265
1.22023
0.486184
0.472051
0.59148
0.520116
0.543882
0.522916
0.0453652
0.554382
0.961968
0.570648
0.0440319
0.0453985
0.521483
2.28952
0.0454318
0.0440652
0.515916
0.0440985
0.0454985
0.0441652
0.0455318
0.0455651
0.0441985
0.0442319
0.0456318
0.0442985
0.0293324
0.0279991
0.0293657
0.0266658
0.029499
0.0267658
0.151995
0.0563315
0.0570981
0.176661
0.0268324
0.0295657
0.106196
0.152528
0.0572981
0.124129
0.0888304
0.153062
0.134162
0.124596
0.346655
0.0269658
0.106996
0.134396
0.28709
1.14396
0.0576981
0.142929
0.358055
0.500917
0.107396
5.58715
0.280524
0.503183
0.0385987
0.143462
0.325589
0.460851
0.125762
1.11296
1.20956
0.301457
0.547482
0
0.29369
0.436919
0.0479984
0.339455
0.476684
0.0960635
0.466251
0.486384
0.0466984
0.0480651
0.450352
0.0961968
0.0467318
0.0467651
0.0481317
0.0389987
0.0376654
0.0963301
0.0468318
0.0481984
0.0390987
0.0964635
0.0468651
0.0377321
0.0468984
0.0482651
0.039132
0.0965968
0.0469651
0.0756641
0.039232
0.0392654
0.0378987
0.0379654
0.0363321
0.0349988
0.0363655
0.0336655
0.0364988
0.0337655
0.070331
0.0338322
0.0365654
0.0339655
0.0319989
0.0306656
0.0307656
0.0919969
0.0460651
0.0643312
0.0866638
0.0461318
0.0433986
0.0308323
0.121996
0.0461985
0.0434652
0.020366
0.0462651
0.0435319
0.061198
0.0435985
0.0204327
0.0694977
0.151995
0.0463985
0.0654978
0.0309656
0.061398
0.101597
0.283324
0.0464651
0.0437319
0.0819973
0.215959
0.279991
0.178261
0.0437985
0.0697977
0.0615979
0.114896
0.240792
0.284991
0.0465984
0.0657978
0.041132
4.64178
0.221459
0.166394
0.0439319
0.0823973
0.141162
1.93914
0.206393
0.0206326
0.218493
0.739709
0.192994
0.180594
0.223659
0.242192
0.196627
0.265191
0.232792
0.116696
0.255191
0.214893
0.19776
0.277191
0.267791
0.0429986
0.0430319
0.0416653
0.040332
0.0430986
0.0417653
0.0431319
0.040432
0.0431652
0.0417986
0.0404653
0.0432319
0.0418986
0.0432652
0.0405653
0.0432986
0.0419319
0.0405986
0
0.0448077
0.0513316
0.0973301
0.0487317
1.0243
0.0487984
1.36789
0.353988
0.048865
0.88557
0.358555
0.0489317
0.0258325
0.21466
1.03413
0.381854
0.0762154
0.0734976
0.107563
0.683244
0.373988
0.223993
0.049065
0.154362
0.153995
0.542482
0.477117
0.0491317
0.0259325
0.123463
0.526916
0.418819
0.168794
0.0737975
0.126896
0.154662
0.559515
0.429586
0.48765
0.049265
0.108496
0.535582
0.712843
0.477484
0.211993
0.499983
0.169994
0.170861
0.566148
0.434452
0.537582
0.483184
0.601313
0.155661
0.454985
0.501783
0.170394
0.557315
0.551282
0.185027
0.171594
4.59765
0.540582
0.545048
1.51638
0.539482
0.213993
0.518449
0.534849
0.128696
0.489984
0.563148
0.775174
0.531882
1.06076
0.544315
0.0456651
0.541182
0.549482
0.537449
0.0456985
0.0443319
0.49085
2.19613
1.39225
0.0443652
0.572381
0.50345
0.0457651
0.535482
0.0444319
0.0457985
0.0458318
0.0444652
0.0444985
0.0458985
0.0445652
0.0459318
0.0459651
0.0445985
0.0446318
1.05528e-05
0.0296657
0.0283324
0.0269991
0.0283657
0.0297657
0.0298323
0.0966634
0.0774641
0.0284991
0.179994
0.0543315
0.0581981
0.811473
0.183327
0.0388654
0.0285657
0.0834972
0.108396
0.0299657
0.136262
0.0542982
0.167328
0.0779974
0.117363
0.126929
0.359988
0.0781307
0.0908303
0.151195
0.478751
0.459985
0.0782641
0.117829
0.145595
0.326389
0.408086
0.0979967
0.0546982
0.168661
0.30939
0.440785
0.0392654
0.0844972
0.164395
0.310523
0.38832
0.0548982
0.18626
0.751642
0.467984
0.118763
0.331189
0.399487
0.258525
0.424786
0.0483317
0.324323
0.466084
0.0967301
0.0469984
0.30689
0.436319
0.0470318
0.0483984
0.414253
0.0968634
0.0470984
0.0484651
0.0379987
0.0393654
0.0969968
0.0471318
0.0366654
0.0471651
0.0485317
0.0393987
0.0380321
0.0971301
0.0472318
0.0971968
0.0380987
0.0394987
0.0972634
0.0472651
0.0367654
0.0472984
0.039532
0.0763308
0.0368321
0.0382321
0.039632
0.0382987
0.0369654
0.0353322
0.0339989
0.0353655
0.0354988
0.0683311
0
0.0355655
0.0323323
0.030999
0.0323656
0.0659978
0.0324989
0.0440652
0.0623313
0.0826639
0.0441319
0.0206993
0.0325656
0.0441985
0.0829306
0.0442652
0.0415319
0.220993
0.0664978
0.0623979
0.156395
0.256658
0.0665978
0.0624979
0.222293
0.20906
0.268658
0.0444652
0.0834639
0.130996
0.258125
0.176227
2.50706e-05
0.0445318
0.0208993
0.200027
0.223259
0.29119
0.0445985
0.104663
0.184327
0.224193
0.198227
0.020966
0.331322
0.197993
0.251192
0.18526
0.201727
0.29399
0.261791
0.21226
0.273858
0.159595
0.250592
0.221893
0.215393
0.30739
0.265824
0.0420319
0.0406986
0.0420653
0.040732
0.0421653
0.040832
0.0421986
0.0408653
0.0422986
0.0409653
