0.51465
0.812673
0.470651
0.322523
0.441419
0.0156661
0.345822
0.457785
0.375187
0.421386
0.0143329
0.325822
0.0157328
0.397453
0.0143995
0.381254
0.370488
0.527782
0.413986
0.0144329
0.460518
0.0316656
0.410453
0.127996
0.305556
0.452785
0.150262
0.163995
0.380554
0.0290657
0.928769
0.169394
0.0159328
0.179294
0.353788
0.169461
0.188594
0.0146328
0.164995
0.185994
0.470318
0.199993
0
0.139162
0.125996
1.39662
0.0951968
0.203193
1.29302
0.157728
0.226126
0.919369
0.257991
0.680377
0.457818
0.379187
0.362821
0.389587
0.396287
0.019666
0.0196993
0.0366654
0.0169994
0.0183661
0.0394654
0.019766
0.0170328
0.0197993
0.0368654
0.0396653
0.139995
0.149862
0.0171328
0.0479984
0.0171661
0.0370654
0.150395
0.0803307
0.126662
3.0684e-05
0.040332
0.0398653
0.424486
0.127296
0.369188
0.0172328
0.0728976
0.0942635
0.130429
0.208993
0.0569314
0.0744309
0.162061
0.0898303
0.0815973
0.0983967
0.0888304
0.124363
0.10703
0.102997
0.0767974
0.0909303
0.137995
0.0481651
0.0995967
0.069331
0.146295
0.0426652
0.0120329
0.0641979
0.0120996
0.0429319
0.0322989
0.0121329
0.0539982
0.0121996
0.0324989
0.0108663
0.0122329
0.0108996
0.0141032
0.0218659
0.0219326
0.407986
0.260858
0.328322
0.472251
0.358688
0.392654
0.0159995
0.387487
0.331056
0.461618
0.0146662
0.31019
0.0160328
0.362155
0.331989
0.234326
0.343789
0.593214
0.0266658
0.255991
0.370321
0.0147328
0.444252
0.248958
0.0161328
0.446118
0.351488
0.0147995
0.0161661
0.267858
0.345788
0.393054
0.118996
0.0134329
0.0134662
0.234292
0.384721
0.0148328
0.539449
0.159595
0.246992
0.0162328
0.444452
0.347988
0.137595
0.340589
0.362255
0.167228
0.0135329
0.140795
0.0298657
0.226192
0.150728
0.0135995
0.128329
0.165261
0.134929
0.0136329
0.233992
0.0884971
0.158661
0.0949302
0.237459
0.0536982
0.142595
0.134362
0.130662
0
0.0747975
0.0346655
0.318456
0.18766
0.0193327
0.225592
0.0174328
0.790974
0.0484984
0.0916636
0.0174994
0.0565981
0.038932
0.133862
0.118996
0.0377987
0.029299
0.0175327
0.134396
0.105496
0.0757308
0.029399
0.126496
0.0847972
0.0568981
0.058998
0.135462
0.106496
0.0197327
0.0176327
0.135995
0.0998633
0.0395987
0.127996
0.415653
0.039732
0.137062
0.100797
0.0398653
0.137595
0.101263
0.207193
0.108996
0.0875971
0
0.0400653
0.0246658
0.0402653
0.0109996
0.0330989
0.0201993
0.0124329
0.0124663
0.0404653
0.0332989
0.040532
0.011133
0.0223326
0.0125329
0.0111996
0.0125996
0.0336989
0.0112663
0.0126329
0.0112996
0
0.501983
0.461551
0.575314
0.0326656
0.417453
0.419286
0.432586
0.440719
0.514116
0.0150328
0.411686
0.0150662
0.0164328
0.613146
0.355988
0.404787
0.296657
0.0274658
0.0164995
0.471218
0.0151328
0.463651
0.101997
0.0165328
0.460118
0.669578
0.0542982
0.223993
0.0151995
0.738275
0.350922
0.0606646
0.0138329
0.122196
0.29999
0.0138662
0.0152328
0.371188
0.0731976
0.108863
0.276057
0.0166328
0.0797307
0.0619646
0.326389
0.0739975
0.0139329
0.0959968
0.315856
0.123996
0.0676644
0.249592
0.19946
0.0827306
0.367488
0.068931
0.186194
0.211993
0.176394
0.0986634
0.263925
0.129129
0.233992
0.188927
0.0522781
0.0189994
0.0176661
0.0380654
0.0381321
0.0381987
0.0177327
0.0191327
0.0177994
0.019166
0.181994
0.115196
0.0178327
0.217493
0.0879971
0.0384654
0.209593
0.0810306
0.019266
0.201627
0.103597
0.0192994
0.0358655
0.316789
0.089197
0.0794974
0.089597
0.0975301
0.104997
0
0.124596
0.112996
0.116129
0.0983634
0.09863
0.569981
0.59538
0.0406653
0.0126996
0.0339989
0.0113663
0.029999
0.0127329
0.0113996
0.050165
0.0201327
0.0228659
0.0114663
0.0807973
0.0256658
0.0229992
0.030399
0.0406653
0.0115329
0.0231326
0.0407986
0.0129329
0.0115996
0.0129662
0.040932
0.0348988
0.030799
0.0411986
0
1.45155e-05
0.454985
0.392854
0.470984
0.482384
0.49805
0.367421
0.0306656
0.375454
0.0139995
0.661045
0.346488
7.25262e-06
0.644979
0.39552
0.0140329
0.438252
0.0154328
0.50165
0.30029
0.457185
0.139329
0.0154995
0.353588
0.405753
0.324689
0.0282657
0.169994
0.429219
0.0155328
0.473718
0.127996
0.145962
0.28599
0.435485
0.263758
0.298923
0.177594
0.0905303
0.0142329
0.127496
0.19786
0.0142662
0.0156328
0.136495
0.138595
0.214693
0.10453
0.129162
0.254592
0.0853638
0.213193
0.210826
0.118796
0.156995
0.239725
0.10613
0.100063
0.233992
0.100697
0.188794
0.226092
0.0386654
0.019366
0.0166661
0.0193994
0.0180327
0.0180661
0.0388654
0.019466
0.0167328
0.0181327
0.0629979
0.0181661
0.0195327
0.0903303
0.0536649
0.019566
0.0725309
0.0336655
0.0615979
0.0195993
0.0182327
0.0727976
0.131462
0.0182661
0.0392654
0.0730642
0.0776641
0.0824973
0.0169328
0.0545982
0.202393
0.0704977
0.230826
0.0629312
0.416986
0.0631979
0.139495
0.0634646
0.0637312
0
5.85814e-06
0.0130329
0.0350988
0.041332
0.0130996
0.0351988
0.0414653
0.0207993
0.0235325
0.0131329
0.0117996
0.0521649
0.0131996
0.0236659
0.0418653
0.0132329
0.0524983
0.0737309
0.0528316
0.0119329
0.0119663
0.0317989
0.0531649
