100 10 100 10 0.0001 DRAND 0.0 0.0203291 13989.1 15797.6 0.77901 0.503885 0.532097 488
100 10 100 10 0.0001 DRAND 0.1 0.0198409 15953.7 17945.3 0.774167 0.513927 0.542172 491
100 10 100 10 0.0001 DRAND 0.2 0.0195827 19157.1 21059.1 0.74885 0.518857 0.544618 488
100 10 100 10 0.0001 DRAND 0.3 0.0196509 23483.3 25606.4 0.757036 0.527577 0.548761 491
100 10 100 10 0.0001 DRAND 0.4 0.0190926 27394.9 30474.4 0.734749 0.532292 0.553524 488
100 10 100 10 0.0001 DRAND 0.5 0.0184351 33608.8 37352.5 0.719112 0.536466 0.558641 491
100 10 100 10 0.0001 DRAND 0.6 0.0175046 41635.9 47837.3 0.700122 0.556517 0.573776 488
100 10 100 10 0.0001 DRAND 0.7 0.015697 52006 62785.9 0.681001 0.577473 0.591837 491
100 10 100 10 0.0001 DRAND 0.8 0.0126358 65621.5 83408.8 0.640818 0.611919 0.620198 488
100 10 100 10 0.0001 DRAND 0.9 0.00804986 83145.4 116926 0.621439 0.67873 0.687026 491
100 10 100 10 0.0001 Lobats 0.0 0.020912 536.779 1523.16 0.868317 0.625381 0.634219 470
100 10 100 10 0.0001 Lobats 0.1 0.0204038 615.685 1590.99 0.859208 0.633355 0.653197 464
100 10 100 10 0.0001 Lobats 0.2 0.0211148 755.812 1756.67 0.845864 0.626464 0.643343 466
100 10 100 10 0.0001 Lobats 0.3 0.0205875 931.706 1914.44 0.828664 0.620639 0.651129 464
100 10 100 10 0.0001 Lobats 0.4 0.0203591 1170.7 2120 0.810337 0.614809 0.640046 464
100 10 100 10 0.0001 Lobats 0.5 0.0206863 1565.98 2538.69 0.791767 0.614583 0.632602 460
100 10 100 10 0.0001 Lobats 0.6 0.0205913 2160.44 3102.6 0.770974 0.607081 0.618132 461
100 10 100 10 0.0001 Lobats 0.7 0.0205488 3207.08 4052.56 0.751517 0.589121 0.602603 458
100 10 100 10 0.0001 Lobats 0.8 0.0203632 5518 6260.45 0.703888 0.575858 0.589747 450
100 10 100 10 0.0001 Lobats 0.9 0.0202113 15094.5 15389.7 0.588285 0.559992 0.571956 442
100 10 100 10 0.0001 LocalVoting 0.0 0.0207501 40.8402 1036.01 0.898441 0.611019 0.546953 500
100 10 100 10 0.0001 LocalVoting 0.1 0.0201777 41.9346 1018.09 0.889371 0.566536 0.546936 500
100 10 100 10 0.0001 LocalVoting 0.2 0.0205852 58.5926 1053.64 0.892313 0.515381 0.558657 500
100 10 100 10 0.0001 LocalVoting 0.3 0.0206132 81.1431 1068.57 0.887115 0.482962 0.554744 500
100 10 100 10 0.0001 LocalVoting 0.4 0.0208832 159.913 1161.74 0.880701 0.457426 0.564395 500
100 10 100 10 0.0001 LocalVoting 0.5 0.0201109 344.809 1312.62 0.873495 0.440821 0.5481 500
100 10 100 10 0.0001 LocalVoting 0.6 0.0205373 705.705 1663.85 0.833909 0.421886 0.533445 500
100 10 100 10 0.0001 LocalVoting 0.7 0.020767 1440.64 2344.26 0.777936 0.428068 0.507783 500
100 10 100 10 0.0001 LocalVoting 0.8 0.0204743 2970.86 3757.37 0.677055 0.449418 0.496443 500
100 10 100 10 0.0001 LocalVoting 0.9 0.0206284 8630.46 9528.27 0.599912 0.490694 0.518239 500
100 10 100 10 0.0001 LQF 0.0 0.020878 8.04092 999.9 0.990734 0.484092 0.539823 479
100 10 100 10 0.0001 LQF 0.1 0.0208064 15.1777 1021.13 0.986653 0.405712 0.532552 482
100 10 100 10 0.0001 LQF 0.2 0.0208137 24.292 1028.89 0.98274 0.354801 0.537425 482
100 10 100 10 0.0001 LQF 0.3 0.0206168 44.5882 1060.65 0.971039 0.310385 0.541516 482
100 10 100 10 0.0001 LQF 0.4 0.020969 127.959 1158.12 0.961883 0.302382 0.536013 482
100 10 100 10 0.0001 LQF 0.5 0.0203158 314.287 1331.2 0.938198 0.364298 0.534097 481
100 10 100 10 0.0001 LQF 0.6 0.0206784 768.344 1753.94 0.874212 0.372193 0.516116 479
100 10 100 10 0.0001 LQF 0.7 0.02079 1628.85 2505.26 0.800352 0.400756 0.498021 479
100 10 100 10 0.0001 LQF 0.8 0.0208723 3777.64 4420.97 0.68826 0.416229 0.48022 473
100 10 100 10 0.0001 LQF 0.9 0.0201374 9788.98 11449.9 0.628231 0.474342 0.511157 466
100 10 100 10 0.0001 Lyui 0.0 0.0193631 12926 14669.6 0.629227 0.477482 0.510828 488
100 10 100 10 0.0001 Lyui 0.1 0.0197321 15228.5 17127.9 0.616799 0.483712 0.51584 488
100 10 100 10 0.0001 Lyui 0.2 0.0197046 17761.6 19880.8 0.587831 0.496343 0.523647 488
100 10 100 10 0.0001 Lyui 0.3 0.0196532 21397.9 23762 0.566555 0.498426 0.525242 491
100 10 100 10 0.0001 Lyui 0.4 0.019225 24954.3 28110.4 0.556047 0.505772 0.53318 488
100 10 100 10 0.0001 Lyui 0.5 0.0183397 30432.7 34108.6 0.54018 0.511626 0.536259 488
100 10 100 10 0.0001 Lyui 0.6 0.0173804 37659.9 43199.2 0.534333 0.523848 0.544843 488
100 10 100 10 0.0001 Lyui 0.7 0.0159327 47732 56164.9 0.530534 0.532994 0.547415 488
100 10 100 10 0.0001 Lyui 0.8 0.0134619 59123.8 75291.2 0.482572 0.570757 0.584738 488
100 10 100 10 0.0001 Lyui 0.9 0.00905445 75690.3 108117 0.462655 0.638892 0.653735 490
100 10 100 10 0.0001 Simple 0.0 0.0207376 456.594 1313.27 0.90714 0.22238 0.500518 483
100 10 100 10 0.0001 Simple 0.1 0.0202671 394.203 1230.26 0.931914 0.266459 0.527285 488
100 10 100 10 0.0001 Simple 0.2 0.0204579 426.968 1278.89 0.938192 0.287137 0.522283 494
100 10 100 10 0.0001 Simple 0.3 0.0201608 487.037 1328.54 0.928539 0.314112 0.520884 491
100 10 100 10 0.0001 Simple 0.4 0.0204968 605.165 1442.17 0.909362 0.354777 0.532801 491
100 10 100 10 0.0001 Simple 0.5 0.0209619 937.641 1697.72 0.871527 0.360759 0.518118 491
100 10 100 10 0.0001 Simple 0.6 0.0204783 1593.62 2125.85 0.807571 0.372497 0.504763 491
100 10 100 10 0.0001 Simple 0.7 0.0203737 2887.9 2966.36 0.749785 0.381945 0.479581 494
100 10 100 10 0.0001 Simple 0.8 0.0205093 5389.2 4752.05 0.705819 0.403965 0.46833 491
100 10 100 10 0.0001 Simple 0.9 0.020241 15434.8 12503.3 0.697925 0.456162 0.492804 491
100 10 100 10 0.0001778279 DRAND 0.0 0.0348425 18230.3 19813.1 0.660233 0.47408 0.512028 487
100 10 100 10 0.0001778279 DRAND 0.1 0.033858 20928.2 22997.7 0.637428 0.487849 0.522208 488
100 10 100 10 0.0001778279 DRAND 0.2 0.0333243 24576.1 27266.5 0.640746 0.495615 0.530196 491
100 10 100 10 0.0001778279 DRAND 0.3 0.0324581 29858.6 33257.8 0.618676 0.495822 0.529176 488
100 10 100 10 0.0001778279 DRAND 0.4 0.0312141 34770.3 39484.1 0.62345 0.512976 0.542548 491
100 10 100 10 0.0001778279 DRAND 0.5 0.0299705 42111.7 48877.9 0.562316 0.515739 0.546731 488
100 10 100 10 0.0001778279 DRAND 0.6 0.0270212 50848.9 61015.9 0.536017 0.534229 0.559673 491
100 10 100 10 0.0001778279 DRAND 0.7 0.0234829 58929.3 74721.2 0.517655 0.563488 0.588679 488
100 10 100 10 0.0001778279 DRAND 0.8 0.018469 69808.2 94319.3 0.488129 0.598936 0.62326 491
100 10 100 10 0.0001778279 DRAND 0.9 0.0111767 83295.6 122966 0.47664 0.670792 0.697192 488
100 10 100 10 0.0001778279 Lobats 0.0 0.0362285 560.285 1558.85 0.863432 0.612616 0.624145 461
100 10 100 10 0.0001778279 Lobats 0.1 0.0360305 651.968 1655.6 0.851943 0.603381 0.634519 461
100 10 100 10 0.0001778279 Lobats 0.2 0.0357087 782.891 1751.02 0.834216 0.605567 0.63579 460
100 10 100 10 0.0001778279 Lobats 0.3 0.0365476 995.793 1971.39 0.818342 0.596693 0.630711 456
100 10 100 10 0.0001778279 Lobats 0.4 0.0356567 1264.32 2219.09 0.798357 0.597475 0.632438 458
100 10 100 10 0.0001778279 Lobats 0.5 0.035438 1717.58 2650.49 0.777521 0.569604 0.602288 452
100 10 100 10 0.0001778279 Lobats 0.6 0.0362424 2456.29 3334.22 0.749501 0.563951 0.59224 451
100 10 100 10 0.0001778279 Lobats 0.7 0.0360861 3678.14 4540.24 0.713578 0.555441 0.584929 445
100 10 100 10 0.0001778279 Lobats 0.8 0.0357756 7000.88 7639.86 0.659011 0.53158 0.560237 435
100 10 100 10 0.0001778279 Lobats 0.9 0.0342862 23048.9 23697.5 0.494052 0.551002 0.57044 409
100 10 100 10 0.0001778279 LocalVoting 0.0 0.0367824 45.4252 1049.58 0.863156 0.544818 0.534318 500
100 10 100 10 0.0001778279 LocalVoting 0.1 0.0365676 55.0362 1056.81 0.856646 0.452565 0.533181 500
100 10 100 10 0.0001778279 LocalVoting 0.2 0.0361854 73.9345 1072.31 0.852385 0.408256 0.530789 500
100 10 100 10 0.0001778279 LocalVoting 0.3 0.0357353 115.852 1105.06 0.855024 0.383162 0.537178 500
100 10 100 10 0.0001778279 LocalVoting 0.4 0.0362405 206.539 1189.76 0.849115 0.373933 0.541303 500
100 10 100 10 0.0001778279 LocalVoting 0.5 0.036679 430.652 1430.01 0.822112 0.379509 0.528545 500
100 10 100 10 0.0001778279 LocalVoting 0.6 0.0361777 841.914 1812.51 0.789929 0.386662 0.510931 500
100 10 100 10 0.0001778279 LocalVoting 0.7 0.0362174 1665.77 2584.95 0.737058 0.409169 0.497623 500
100 10 100 10 0.0001778279 LocalVoting 0.8 0.0361673 3606.07 4462.59 0.638845 0.427909 0.480799 500
100 10 100 10 0.0001778279 LocalVoting 0.9 0.0352168 12820.5 14417 0.527696 0.490338 0.519835 500
100 10 100 10 0.0001778279 LQF 0.0 0.0357739 13.1812 1019.74 0.988306 0.301988 0.524012 471
100 10 100 10 0.0001778279 LQF 0.1 0.0362441 22.048 1027.06 0.983828 0.231664 0.523887 482
100 10 100 10 0.0001778279 LQF 0.2 0.0366107 38.7897 1054.12 0.973407 0.200749 0.521445 479
100 10 100 10 0.0001778279 LQF 0.3 0.035751 72.681 1107.4 0.959103 0.195143 0.522207 479
100 10 100 10 0.0001778279 LQF 0.4 0.0368976 165.904 1222.03 0.943174 0.223028 0.518374 479
100 10 100 10 0.0001778279 LQF 0.5 0.0360644 420.934 1484.14 0.914749 0.296617 0.505986 476
100 10 100 10 0.0001778279 LQF 0.6 0.0361169 896.718 1943.73 0.850013 0.339768 0.493192 476
100 10 100 10 0.0001778279 LQF 0.7 0.0354391 1922.63 2921.69 0.76426 0.372791 0.475135 473
100 10 100 10 0.0001778279 LQF 0.8 0.036186 4508.57 5660.09 0.639083 0.410735 0.471286 467
100 10 100 10 0.0001778279 LQF 0.9 0.0345075 13903.6 19255.8 0.514513 0.481923 0.520757 452
100 10 100 10 0.0001778279 Lyui 0.0 0.0344591 16447.9 18357.4 0.521462 0.451599 0.493047 491
100 10 100 10 0.0001778279 Lyui 0.1 0.0341692 19435.8 21477.3 0.489859 0.455704 0.49675 488
100 10 100 10 0.0001778279 Lyui 0.2 0.0333462 22227.2 24761.2 0.473693 0.466262 0.505492 488
100 10 100 10 0.0001778279 Lyui 0.3 0.0326895 25839.6 28719.1 0.455135 0.46788 0.503661 488
100 10 100 10 0.0001778279 Lyui 0.4 0.0318598 31310.6 35535.8 0.432084 0.476321 0.512436 488
100 10 100 10 0.0001778279 Lyui 0.5 0.0304557 37445.1 43257.4 0.403646 0.480138 0.513958 488
100 10 100 10 0.0001778279 Lyui 0.6 0.0276404 43803 52140.4 0.382017 0.498936 0.528608 487
100 10 100 10 0.0001778279 Lyui 0.7 0.0244955 54137.6 68727 0.380313 0.524141 0.552721 488
100 10 100 10 0.0001778279 Lyui 0.8 0.0201797 62990 85332.8 0.347063 0.562296 0.589644 488
100 10 100 10 0.0001778279 Lyui 0.9 0.0132215 75653.6 113313 0.331634 0.627959 0.653846 488
100 10 100 10 0.0001778279 Simple 0.0 0.0365169 521.745 1387.16 0.881976 0.201842 0.489542 474
100 10 100 10 0.0001778279 Simple 0.1 0.0364998 466.411 1319.96 0.908637 0.235223 0.513691 485
100 10 100 10 0.0001778279 Simple 0.2 0.0356837 470.866 1311.89 0.916854 0.25221 0.509957 491
100 10 100 10 0.0001778279 Simple 0.3 0.0363846 553.126 1393.84 0.900567 0.282022 0.514888 491
100 10 100 10 0.0001778279 Simple 0.4 0.0358066 702.871 1515.59 0.877451 0.310321 0.514108 488
100 10 100 10 0.0001778279 Simple 0.5 0.0361084 1074.82 1800.34 0.845853 0.334735 0.504349 491
100 10 100 10 0.0001778279 Simple 0.6 0.0356213 1787.62 2281 0.788428 0.350981 0.481223 491
100 10 100 10 0.0001778279 Simple 0.7 0.0361827 3363.34 3362.39 0.732245 0.371009 0.462573 491
100 10 100 10 0.0001778279 Simple 0.8 0.0359697 6772.3 5952.39 0.699542 0.405343 0.46406 488
100 10 100 10 0.0001778279 Simple 0.9 0.0347566 21813.8 18901.1 0.69253 0.476245 0.506671 491
100 10 100 10 0.0003162278 DRAND 0.0 0.0585593 25889.5 28927.3 0.52724 0.45294 0.501265 479
100 10 100 10 0.0003162278 DRAND 0.1 0.0563352 30334.1 33969.2 0.509978 0.457683 0.502891 491
100 10 100 10 0.0003162278 DRAND 0.2 0.0543986 34517.8 39273.7 0.479682 0.468426 0.509052 488
100 10 100 10 0.0003162278 DRAND 0.3 0.0507964 38968.6 45279.1 0.443092 0.47486 0.514512 491
100 10 100 10 0.0003162278 DRAND 0.4 0.0480409 44521.1 52934.7 0.434761 0.48261 0.521755 488
100 10 100 10 0.0003162278 DRAND 0.5 0.0442416 50287 62293.5 0.405913 0.504978 0.54162 491
100 10 100 10 0.0003162278 DRAND 0.6 0.03909 57885.6 74466 0.417063 0.527269 0.559622 488
100 10 100 10 0.0003162278 DRAND 0.7 0.03322 64641.3 87477.1 0.391448 0.556596 0.590113 491
100 10 100 10 0.0003162278 DRAND 0.8 0.0253606 72487.3 104986 0.359532 0.602894 0.638061 488
100 10 100 10 0.0003162278 DRAND 0.9 0.0152682 84680.5 128904 0.310607 0.665503 0.702151 491
100 10 100 10 0.0003162278 Lobats 0.0 0.0640513 603.077 1624.6 0.850262 0.573652 0.606996 452
100 10 100 10 0.0003162278 Lobats 0.1 0.0636748 743.787 1716.77 0.840239 0.5701 0.61655 449
100 10 100 10 0.0003162278 Lobats 0.2 0.0640351 903.048 1889.62 0.82505 0.565152 0.618104 446
100 10 100 10 0.0003162278 Lobats 0.3 0.0636744 1171.02 2129.86 0.803834 0.546618 0.608272 443
100 10 100 10 0.0003162278 Lobats 0.4 0.0642583 1500.3 2443.01 0.779552 0.544807 0.604082 442
100 10 100 10 0.0003162278 Lobats 0.5 0.0638526 2070.3 2978.94 0.751666 0.536166 0.589211 440
100 10 100 10 0.0003162278 Lobats 0.6 0.0625463 2940.33 3797.33 0.721394 0.524765 0.573743 434
100 10 100 10 0.0003162278 Lobats 0.7 0.0639722 5000.43 5762.94 0.663299 0.516056 0.558141 421
100 10 100 10 0.0003162278 Lobats 0.8 0.0621471 10725 11387 0.568402 0.520259 0.554115 406
100 10 100 10 0.0003162278 Lobats 0.9 0.0510701 40987.4 44983.3 0.321705 0.555587 0.577529 361
100 10 100 10 0.0003162278 LocalVoting 0.0 0.0643052 60.5389 1060.53 0.825715 0.421407 0.527433 500
100 10 100 10 0.0003162278 LocalVoting 0.1 0.0639457 78.3979 1072.11 0.80874 0.340302 0.524693 500
100 10 100 10 0.0003162278 LocalVoting 0.2 0.0635322 116.916 1109.51 0.796364 0.287644 0.527223 500
100 10 100 10 0.0003162278 LocalVoting 0.3 0.0637642 175.291 1175.64 0.811893 0.27876 0.526745 500
100 10 100 10 0.0003162278 LocalVoting 0.4 0.0638315 307.459 1305.6 0.805474 0.298914 0.51644 500
100 10 100 10 0.0003162278 LocalVoting 0.5 0.0636472 582.352 1583.07 0.78039 0.335855 0.509271 500
100 10 100 10 0.0003162278 LocalVoting 0.6 0.0634712 1113.49 2104 0.734574 0.359275 0.489664 500
100 10 100 10 0.0003162278 LocalVoting 0.7 0.0640603 2225.76 3209.03 0.688228 0.387138 0.475833 500
100 10 100 10 0.0003162278 LocalVoting 0.8 0.0630594 5377.76 6523.82 0.578764 0.422883 0.479332 500
100 10 100 10 0.0003162278 LocalVoting 0.9 0.0574197 25845.6 30078.2 0.408548 0.517643 0.551197 500
100 10 100 10 0.0003162278 LQF 0.0 0.0639666 23.319 1043.59 0.981916 0.147294 0.511369 467
100 10 100 10 0.0003162278 LQF 0.1 0.0634105 46.2006 1068.25 0.971056 0.129042 0.516478 476
100 10 100 10 0.0003162278 LQF 0.2 0.0640131 78.8948 1119.81 0.955047 0.132693 0.514346 476
100 10 100 10 0.0003162278 LQF 0.3 0.0638462 140.622 1215.18 0.937454 0.145762 0.505948 477
100 10 100 10 0.0003162278 LQF 0.4 0.0636061 276.814 1401.63 0.911224 0.191529 0.494179 473
100 10 100 10 0.0003162278 LQF 0.5 0.0636851 598.819 1783.45 0.872587 0.264249 0.484272 473
100 10 100 10 0.0003162278 LQF 0.6 0.0642883 1194.6 2445.81 0.796203 0.310325 0.469075 467
100 10 100 10 0.0003162278 LQF 0.7 0.0632724 2539.68 3964.99 0.71326 0.36456 0.463853 464
100 10 100 10 0.0003162278 LQF 0.8 0.0625949 6307.15 9066.11 0.554218 0.414573 0.47313 455
100 10 100 10 0.0003162278 LQF 0.9 0.0574796 28521.9 46880.9 0.337778 0.517967 0.565285 431
100 10 100 10 0.0003162278 Lyui 0.0 0.0587035 23282.2 25863.3 0.436151 0.422137 0.475566 488
100 10 100 10 0.0003162278 Lyui 0.1 0.0567074 25663.7 28999.9 0.395232 0.432062 0.481992 488
100 10 100 10 0.0003162278 Lyui 0.2 0.0544843 30028.3 34062.5 0.374964 0.43585 0.484205 488
100 10 100 10 0.0003162278 Lyui 0.3 0.053141 34656.9 39918.2 0.351959 0.436708 0.4829 488
100 10 100 10 0.0003162278 Lyui 0.4 0.0495514 39310.7 46578.9 0.338053 0.456309 0.498145 488
100 10 100 10 0.0003162278 Lyui 0.5 0.0468637 44728.9 54264.4 0.306244 0.45992 0.501387 488
100 10 100 10 0.0003162278 Lyui 0.6 0.0418498 51363.9 65353.8 0.293356 0.481312 0.517599 490
100 10 100 10 0.0003162278 Lyui 0.7 0.0357049 57554.2 77333.8 0.283128 0.512081 0.546179 488
100 10 100 10 0.0003162278 Lyui 0.8 0.0284371 66249.8 94841.3 0.237485 0.552906 0.588553 488
100 10 100 10 0.0003162278 Lyui 0.9 0.0182831 76915 118802 0.237493 0.619334 0.656059 488
100 10 100 10 0.0003162278 Simple 0.0 0.0640769 622.221 1492.67 0.835939 0.200285 0.485993 461
100 10 100 10 0.0003162278 Simple 0.1 0.0639525 536.781 1378.03 0.871389 0.224921 0.506051 482
100 10 100 10 0.0003162278 Simple 0.2 0.0635909 594.245 1425.44 0.874129 0.237935 0.507026 488
100 10 100 10 0.0003162278 Simple 0.3 0.0636236 677.554 1510.1 0.871678 0.258526 0.505492 488
100 10 100 10 0.0003162278 Simple 0.4 0.0634696 892.397 1685.09 0.839104 0.284374 0.500894 488
100 10 100 10 0.0003162278 Simple 0.5 0.0633568 1321.08 2001.5 0.815535 0.318883 0.49282 491
100 10 100 10 0.0003162278 Simple 0.6 0.0635995 2327.36 2762.05 0.756149 0.343785 0.469486 488
100 10 100 10 0.0003162278 Simple 0.7 0.0636045 4473.35 4374.34 0.717425 0.379647 0.459682 491
100 10 100 10 0.0003162278 Simple 0.8 0.062758 9750.77 8791.94 0.685811 0.425564 0.473321 488
100 10 100 10 0.0003162278 Simple 0.9 0.0534708 37282.1 35986.2 0.656638 0.51798 0.540727 488
100 10 100 10 0.0005623413 DRAND 0.0 0.0887748 37606.4 43819.1 0.410236 0.434083 0.480821 479
100 10 100 10 0.0005623413 DRAND 0.1 0.0848236 41142.6 48725.9 0.389551 0.447441 0.492742 488
100 10 100 10 0.0005623413 DRAND 0.2 0.0802087 45087.6 53895.3 0.333494 0.45391 0.494443 488
100 10 100 10 0.0005623413 DRAND 0.3 0.0742619 49481.5 60905.6 0.319585 0.468428 0.505573 491
100 10 100 10 0.0005623413 DRAND 0.4 0.0676673 53462.3 67863.9 0.265361 0.481636 0.515891 488
100 10 100 10 0.0005623413 DRAND 0.5 0.0617481 58361.5 76076.7 0.262012 0.503382 0.537983 491
100 10 100 10 0.0005623413 DRAND 0.6 0.0539548 62939.1 86189.2 0.235235 0.532313 0.566437 488
100 10 100 10 0.0005623413 DRAND 0.7 0.0447225 68948.9 98050.2 0.226251 0.562155 0.596841 488
100 10 100 10 0.0005623413 DRAND 0.8 0.0337805 76531.2 113938 0.209291 0.607756 0.648575 491
100 10 100 10 0.0005623413 DRAND 0.9 0.0200018 87955.8 133724 0.207217 0.664947 0.708213 489
100 10 100 10 0.0005623413 Lobats 0.0 0.113656 730.804 1716.97 0.839633 0.538757 0.606791 437
100 10 100 10 0.0005623413 Lobats 0.1 0.112377 905.947 1878.55 0.820071 0.525584 0.595605 428
100 10 100 10 0.0005623413 Lobats 0.2 0.113374 1130.19 2094.62 0.796856 0.520813 0.60048 428
100 10 100 10 0.0005623413 Lobats 0.3 0.112676 1480.02 2424.43 0.770728 0.505736 0.589113 422
100 10 100 10 0.0005623413 Lobats 0.4 0.111689 1970.2 2877.59 0.73663 0.499926 0.578687 419
100 10 100 10 0.0005623413 Lobats 0.5 0.112898 2790.47 3670.58 0.704958 0.499582 0.567929 410
100 10 100 10 0.0005623413 Lobats 0.6 0.112636 4546.48 5351.58 0.650877 0.489099 0.545768 399
100 10 100 10 0.0005623413 Lobats 0.7 0.111902 9266.2 10071.9 0.566529 0.501526 0.545971 381
100 10 100 10 0.0005623413 Lobats 0.8 0.102311 26235.6 27961.1 0.412259 0.528606 0.560544 348
100 10 100 10 0.0005623413 Lobats 0.9 0.062095 60334.2 74691.7 0.210294 0.559824 0.581548 308
100 10 100 10 0.0005623413 LocalVoting 0.0 0.112233 90.1443 1081.42 0.81681 0.286163 0.522048 500
100 10 100 10 0.0005623413 LocalVoting 0.1 0.113203 131.406 1128.26 0.778307 0.248406 0.519204 500
100 10 100 10 0.0005623413 LocalVoting 0.2 0.113554 200.929 1202.73 0.773734 0.233118 0.516489 500
100 10 100 10 0.0005623413 LocalVoting 0.3 0.112994 304.66 1318.29 0.760824 0.246479 0.510381 500
100 10 100 10 0.0005623413 LocalVoting 0.4 0.112063 516.888 1527.31 0.762169 0.272982 0.496531 500
100 10 100 10 0.0005623413 LocalVoting 0.5 0.112309 942.376 1963.1 0.722387 0.314612 0.483154 500
100 10 100 10 0.0005623413 LocalVoting 0.6 0.111689 1773.03 2825.5 0.685722 0.348854 0.472099 500
100 10 100 10 0.0005623413 LocalVoting 0.7 0.112219 3861.13 5080.77 0.614071 0.391232 0.473389 500
100 10 100 10 0.0005623413 LocalVoting 0.8 0.109611 12586 14820.8 0.483566 0.47107 0.520436 500
100 10 100 10 0.0005623413 LocalVoting 0.9 0.0718736 50103.5 60956.9 0.296138 0.520319 0.552824 500
100 10 100 10 0.0005623413 LQF 0.0 0.113077 55.3771 1097.87 0.96726 0.102035 0.508476 461
100 10 100 10 0.0005623413 LQF 0.1 0.112787 95.8651 1155.66 0.950619 0.121829 0.508463 473
100 10 100 10 0.0005623413 LQF 0.2 0.112983 161.987 1263.05 0.927058 0.137466 0.495603 470
100 10 100 10 0.0005623413 LQF 0.3 0.112886 276.646 1449.9 0.895447 0.162254 0.480428 467
100 10 100 10 0.0005623413 LQF 0.4 0.11422 514.629 1819.52 0.855757 0.210419 0.465991 466
100 10 100 10 0.0005623413 LQF 0.5 0.112368 942.124 2379.8 0.804308 0.265862 0.457244 462
100 10 100 10 0.0005623413 LQF 0.6 0.11236 1959.56 3780.39 0.719249 0.316843 0.448499 458
100 10 100 10 0.0005623413 LQF 0.7 0.112775 4205.24 7247.08 0.595037 0.373887 0.459885 446
100 10 100 10 0.0005623413 LQF 0.8 0.109283 14435.7 24472.2 0.39176 0.459141 0.511625 434
100 10 100 10 0.0005623413 LQF 0.9 0.0692791 50546.8 80171.9 0.263507 0.556633 0.61072 410
100 10 100 10 0.0005623413 Lyui 0.0 0.0901557 32946 37840.9 0.367451 0.394406 0.444928 488
100 10 100 10 0.0005623413 Lyui 0.1 0.0873495 37399.4 43306.8 0.338236 0.408063 0.454476 488
100 10 100 10 0.0005623413 Lyui 0.2 0.0843998 40124.6 47494.9 0.306143 0.41578 0.460201 488
100 10 100 10 0.0005623413 Lyui 0.3 0.0781912 42956.4 52441.5 0.290128 0.424782 0.467502 488
100 10 100 10 0.0005623413 Lyui 0.4 0.0727759 46783 57971.1 0.257366 0.438469 0.47645 488
100 10 100 10 0.0005623413 Lyui 0.5 0.0660974 50867.4 65886.5 0.224063 0.454597 0.491357 488
100 10 100 10 0.0005623413 Lyui 0.6 0.0589619 56117.1 75381.7 0.200852 0.482657 0.517332 488
100 10 100 10 0.0005623413 Lyui 0.7 0.0502782 61299.7 86087.7 0.183521 0.509937 0.543002 488
100 10 100 10 0.0005623413 Lyui 0.8 0.0398029 67042.4 99833.5 0.155601 0.550188 0.585928 488
100 10 100 10 0.0005623413 Lyui 0.9 0.0247021 76950.2 121303 0.136809 0.614161 0.654792 490
100 10 100 10 0.0005623413 Simple 0.0 0.11336 937.768 1767.99 0.776902 0.224944 0.475719 463
100 10 100 10 0.0005623413 Simple 0.1 0.112348 737.643 1551.12 0.830869 0.241522 0.503886 479
100 10 100 10 0.0005623413 Simple 0.2 0.113199 844.39 1645.9 0.829557 0.250537 0.498043 482
100 10 100 10 0.0005623413 Simple 0.3 0.112777 959.237 1759.49 0.81746 0.268642 0.496198 485
100 10 100 10 0.0005623413 Simple 0.4 0.11333 1334.67 2077.88 0.796449 0.290019 0.482133 488
100 10 100 10 0.0005623413 Simple 0.5 0.113119 2042.55 2658.04 0.760715 0.325599 0.475941 489
100 10 100 10 0.0005623413 Simple 0.6 0.112348 3550.79 3888.36 0.721555 0.366966 0.469607 488
100 10 100 10 0.0005623413 Simple 0.7 0.111982 7447.52 7240.12 0.699384 0.409379 0.468996 488
100 10 100 10 0.0005623413 Simple 0.8 0.10553 20874.1 20266.3 0.669919 0.49006 0.5196 488
100 10 100 10 0.0005623413 Simple 0.9 0.0647263 54985 55931.3 0.632402 0.507747 0.527095 488
100 10 100 10 0.001 DRAND 0.0 0.124954 48273.3 58527.4 0.316522 0.439967 0.473927 479
100 10 100 10 0.001 DRAND 0.1 0.116198 50260.4 62577.7 0.284891 0.443481 0.47686 488
100 10 100 10 0.001 DRAND 0.2 0.107553 52564.8 67349.7 0.247 0.458966 0.489097 488
100 10 100 10 0.001 DRAND 0.3 0.100324 55897.1 73004.2 0.210248 0.47525 0.503862 491
100 10 100 10 0.001 DRAND 0.4 0.0914359 58990 78810 0.181296 0.489329 0.518075 488
100 10 100 10 0.001 DRAND 0.5 0.0821084 62503.4 85580.3 0.163387 0.513216 0.541725 488
100 10 100 10 0.001 DRAND 0.6 0.071101 65997.6 93697.8 0.135934 0.53713 0.567344 491
100 10 100 10 0.001 DRAND 0.7 0.0584448 72133.4 104876 0.129851 0.573313 0.606603 488
100 10 100 10 0.001 DRAND 0.8 0.0433535 79707.7 119291 0.110137 0.61583 0.655793 490
100 10 100 10 0.001 DRAND 0.9 0.0257245 90274.1 137125 0.0929334 0.669687 0.715031 491
100 10 100 10 0.001 Lobats 0.0 0.199342 1030.66 1995.94 0.801294 0.488438 0.592586 410
100 10 100 10 0.001 Lobats 0.1 0.201334 1332.94 2280.16 0.775311 0.475183 0.582829 399
100 10 100 10 0.001 Lobats 0.2 0.200199 1736.64 2675.52 0.743691 0.470483 0.57039 392
100 10 100 10 0.001 Lobats 0.3 0.200739 2450.06 3365.39 0.701463 0.465844 0.556469 388
100 10 100 10 0.001 Lobats 0.4 0.199813 3563.72 4467.47 0.660966 0.468648 0.547478 379
100 10 100 10 0.001 Lobats 0.5 0.201752 6125.9 6995.91 0.599657 0.474282 0.536058 361
100 10 100 10 0.001 Lobats 0.6 0.195194 12854.3 13759.6 0.508377 0.492624 0.53822 341
100 10 100 10 0.001 Lobats 0.7 0.172712 30016.7 32544.2 0.405033 0.498211 0.533633 319
100 10 100 10 0.001 Lobats 0.8 0.127518 51260.9 60195.7 0.280213 0.51102 0.536989 283
100 10 100 10 0.001 Lobats 0.9 0.0692992 71833.6 95851.2 0.14403 0.593483 0.613657 246
100 10 100 10 0.001 LocalVoting 0.0 0.200614 182.418 1187.85 0.804818 0.217076 0.515878 500
100 10 100 10 0.001 LocalVoting 0.1 0.200728 275.997 1283.41 0.779964 0.220995 0.50772 500
100 10 100 10 0.001 LocalVoting 0.2 0.19937 415.911 1435.51 0.741215 0.237862 0.501457 500
100 10 100 10 0.001 LocalVoting 0.3 0.199174 658.783 1690.01 0.730801 0.260379 0.485373 500
100 10 100 10 0.001 LocalVoting 0.4 0.200322 1119.73 2184.9 0.708795 0.296786 0.476458 500
100 10 100 10 0.001 LocalVoting 0.5 0.199265 2088.87 3239.87 0.660164 0.33742 0.470181 500
100 10 100 10 0.001 LocalVoting 0.6 0.200112 4714.64 6081.65 0.605427 0.392483 0.480037 500
100 10 100 10 0.001 LocalVoting 0.7 0.18948 14079 16288.2 0.505142 0.463076 0.516527 500
100 10 100 10 0.001 LocalVoting 0.8 0.144779 40278.9 46258 0.388587 0.48427 0.518885 500
100 10 100 10 0.001 LocalVoting 0.9 0.0774699 65398.1 81264 0.22452 0.54673 0.57354 500
100 10 100 10 0.001 LQF 0.0 0.200392 141.299 1276.23 0.931564 0.119376 0.495811 455
100 10 100 10 0.001 LQF 0.1 0.199502 239.21 1428 0.906114 0.14435 0.478994 461
100 10 100 10 0.001 LQF 0.2 0.20073 386.156 1695.93 0.864565 0.174117 0.466523 461
100 10 100 10 0.001 LQF 0.3 0.201783 674.681 2205.93 0.812734 0.209242 0.449409 455
100 10 100 10 0.001 LQF 0.4 0.199864 1131.87 2963.46 0.752378 0.255282 0.440564 449
100 10 100 10 0.001 LQF 0.5 0.198744 2126.11 4682.27 0.677572 0.306118 0.441505 446
100 10 100 10 0.001 LQF 0.6 0.19756 4952.41 9562.57 0.556579 0.363932 0.455653 439
100 10 100 10 0.001 LQF 0.7 0.189821 14957.1 26370.8 0.386829 0.451937 0.507248 424
100 10 100 10 0.001 LQF 0.8 0.143237 41258.1 63479.1 0.291153 0.528285 0.573764 406
100 10 100 10 0.001 LQF 0.9 0.0721536 65118.5 96695.1 0.253675 0.590237 0.638944 394
100 10 100 10 0.001 Lyui 0.0 0.133218 41970.3 50248.1 0.320335 0.396328 0.434618 488
100 10 100 10 0.001 Lyui 0.1 0.123976 44327.8 54005.5 0.291077 0.402127 0.43853 488
100 10 100 10 0.001 Lyui 0.2 0.119381 46633.8 57677.8 0.274721 0.414543 0.449265 488
100 10 100 10 0.001 Lyui 0.3 0.11004 49784.7 63214.3 0.247023 0.429613 0.461958 488
100 10 100 10 0.001 Lyui 0.4 0.102143 52601.5 68316.3 0.227147 0.443688 0.473752 488
100 10 100 10 0.001 Lyui 0.5 0.0914271 55582.8 74577.2 0.191636 0.461398 0.49075 488
100 10 100 10 0.001 Lyui 0.6 0.0809456 58919.1 82213.9 0.162107 0.485648 0.516008 488
100 10 100 10 0.001 Lyui 0.7 0.0686337 63336 91406.9 0.136729 0.512319 0.543701 488
100 10 100 10 0.001 Lyui 0.8 0.0538231 69116.9 104131 0.10859 0.55352 0.588172 488
100 10 100 10 0.001 Lyui 0.9 0.0336922 77794.8 123697 0.0893326 0.614375 0.655746 488
100 10 100 10 0.001 Simple 0.0 0.199844 1566.26 2358.01 0.725996 0.280772 0.473141 450
100 10 100 10 0.001 Simple 0.1 0.200248 1162.14 1961.53 0.770619 0.287871 0.503706 476
100 10 100 10 0.001 Simple 0.2 0.199782 1338.02 2119.84 0.769543 0.3 0.498443 484
100 10 100 10 0.001 Simple 0.3 0.199675 1756.95 2489.84 0.759079 0.315678 0.485592 485
100 10 100 10 0.001 Simple 0.4 0.200736 2542.42 3188.19 0.740471 0.341533 0.476464 485
100 10 100 10 0.001 Simple 0.5 0.199466 4201.52 4703.04 0.713921 0.377745 0.471915 485
100 10 100 10 0.001 Simple 0.6 0.197935 8657.89 8911.59 0.690922 0.432833 0.488364 488
100 10 100 10 0.001 Simple 0.7 0.181217 23588 23736.6 0.669737 0.488319 0.515009 486
100 10 100 10 0.001 Simple 0.8 0.133761 46919.8 47934.9 0.660401 0.487 0.504471 485
100 10 100 10 0.001 Simple 0.9 0.0724709 65206.3 68284.7 0.597056 0.533005 0.551073 485
100 10 100 10 0.0017782794 DRAND 0.0 0.162795 53948.4 68632.3 0.246288 0.448821 0.472228 473
100 10 100 10 0.0017782794 DRAND 0.1 0.153375 55885.3 72262.8 0.222815 0.459427 0.482132 488
100 10 100 10 0.0017782794 DRAND 0.2 0.143796 58136.2 76345.7 0.190829 0.475082 0.497982 490
100 10 100 10 0.0017782794 DRAND 0.3 0.132028 60388 80989 0.16422 0.48963 0.511559 491
100 10 100 10 0.0017782794 DRAND 0.4 0.120943 63066.3 86196.4 0.138383 0.507502 0.529846 488
100 10 100 10 0.0017782794 DRAND 0.5 0.107149 66528.6 92865.5 0.124498 0.529449 0.553217 488
100 10 100 10 0.0017782794 DRAND 0.6 0.0912404 71227.2 100974 0.102574 0.559186 0.583936 491
100 10 100 10 0.0017782794 DRAND 0.7 0.074767 76788.8 111076 0.0876676 0.592618 0.621487 488
100 10 100 10 0.0017782794 DRAND 0.8 0.0557656 85419.8 125130 0.0702166 0.636221 0.672168 488
100 10 100 10 0.0017782794 DRAND 0.9 0.0314913 94906.1 144985 0.0772791 0.684918 0.728289 491
100 10 100 10 0.0017782794 Lobats 0.0 0.354335 2141.09 3085.32 0.714527 0.438675 0.551426 373
100 10 100 10 0.0017782794 Lobats 0.1 0.355532 2953.86 3902.4 0.670704 0.442358 0.542318 347
100 10 100 10 0.0017782794 Lobats 0.2 0.354848 4672.55 5603.13 0.625222 0.450444 0.532032 336
100 10 100 10 0.0017782794 Lobats 0.3 0.352422 8224.16 9211.63 0.561922 0.467003 0.530886 326
100 10 100 10 0.0017782794 Lobats 0.4 0.336171 15059.7 16284.6 0.501437 0.48799 0.535783 309
100 10 100 10 0.0017782794 Lobats 0.5 0.30328 28527.9 30789.2 0.433214 0.475153 0.511685 290
100 10 100 10 0.0017782794 Lobats 0.6 0.257027 41848.3 46417.5 0.372211 0.469594 0.499952 278
100 10 100 10 0.0017782794 Lobats 0.7 0.202749 53269.2 62731.1 0.298895 0.497297 0.520419 243
100 10 100 10 0.0017782794 Lobats 0.8 0.141285 65891.1 82703.2 0.204603 0.54676 0.56528 232
100 10 100 10 0.0017782794 Lobats 0.9 0.0758197 79950.7 111077 0.104821 0.62614 0.64586 213
100 10 100 10 0.0017782794 LocalVoting 0.0 0.354178 538.154 1560.49 0.777219 0.232062 0.493151 500
100 10 100 10 0.0017782794 LocalVoting 0.1 0.355539 831.996 1877.87 0.743882 0.258665 0.482653 500
100 10 100 10 0.0017782794 LocalVoting 0.2 0.356039 1295.48 2382.6 0.708258 0.294409 0.476944 500
100 10 100 10 0.0017782794 LocalVoting 0.3 0.355482 2344.32 3517.74 0.68509 0.33189 0.469951 500
100 10 100 10 0.0017782794 LocalVoting 0.4 0.35415 5274.37 6670.35 0.632761 0.388078 0.482042 500
100 10 100 10 0.0017782794 LocalVoting 0.5 0.338015 13757.4 15711.4 0.571234 0.455949 0.511863 500
100 10 100 10 0.0017782794 LocalVoting 0.6 0.289798 30293.8 33427.6 0.511737 0.460474 0.495043 500
100 10 100 10 0.0017782794 LocalVoting 0.7 0.225892 45823.6 51095.7 0.443516 0.46578 0.493145 500
100 10 100 10 0.0017782794 LocalVoting 0.8 0.155025 58702.6 68338 0.34724 0.50595 0.52831 500
100 10 100 10 0.0017782794 LocalVoting 0.9 0.0805296 73546.6 90081.9 0.171593 0.579776 0.598446 500
100 10 100 10 0.0017782794 LQF 0.0 0.355628 475.822 1950.15 0.845169 0.177912 0.454661 443
100 10 100 10 0.0017782794 LQF 0.1 0.355121 771.578 2506.37 0.797305 0.215161 0.441681 443
100 10 100 10 0.0017782794 LQF 0.2 0.354749 1302.76 3523.12 0.728656 0.248676 0.428317 440
100 10 100 10 0.0017782794 LQF 0.3 0.355782 2463.38 5670.57 0.639134 0.299701 0.433801 434
100 10 100 10 0.0017782794 LQF 0.4 0.351921 5017.07 10219.9 0.539036 0.347307 0.440225 425
100 10 100 10 0.0017782794 LQF 0.5 0.339318 13135.9 22988.9 0.424835 0.422508 0.47808 416
100 10 100 10 0.0017782794 LQF 0.6 0.288855 29068.5 43759.8 0.360342 0.486778 0.52575 405
100 10 100 10 0.0017782794 LQF 0.7 0.224054 46380.9 65535.1 0.328253 0.530493 0.567758 399
100 10 100 10 0.0017782794 LQF 0.8 0.148048 62379 86463.6 0.29801 0.572596 0.60854 391
100 10 100 10 0.0017782794 LQF 0.9 0.0739272 78035.6 106917 0.269334 0.638454 0.671995 386
100 10 100 10 0.0017782794 Lyui 0.0 0.181826 48182.7 59666.4 0.302966 0.405755 0.431345 488
100 10 100 10 0.0017782794 Lyui 0.1 0.171376 49778.5 62742.4 0.27923 0.414238 0.439188 488
100 10 100 10 0.0017782794 Lyui 0.2 0.161225 51455.8 66051.8 0.261258 0.423184 0.44711 485
100 10 100 10 0.0017782794 Lyui 0.3 0.149115 53561.8 70309.5 0.234935 0.436995 0.460181 488
100 10 100 10 0.0017782794 Lyui 0.4 0.13815 55463.1 74168.7 0.209804 0.451322 0.474612 488
100 10 100 10 0.0017782794 Lyui 0.5 0.123884 58138.7 79844.8 0.186059 0.469304 0.492175 488
100 10 100 10 0.0017782794 Lyui 0.6 0.10981 60850.4 86791.6 0.159759 0.492324 0.517572 488
100 10 100 10 0.0017782794 Lyui 0.7 0.0916523 65370 94919.6 0.129237 0.520736 0.546998 486
100 10 100 10 0.0017782794 Lyui 0.8 0.0702154 71345.1 107630 0.100432 0.56262 0.59318 487
100 10 100 10 0.0017782794 Lyui 0.9 0.0441178 80273.7 125943 0.0839123 0.618081 0.654255 488
100 10 100 10 0.0017782794 Simple 0.0 0.354497 3488.87 4183.9 0.69051 0.369519 0.480547 439
100 10 100 10 0.0017782794 Simple 0.1 0.355474 2628.83 3354.9 0.712662 0.369568 0.499825 470
100 10 100 10 0.0017782794 Simple 0.2 0.35504 3440.96 4135.18 0.705347 0.387209 0.495896 476
100 10 100 10 0.0017782794 Simple 0.3 0.354656 5283.88 5923.38 0.695976 0.414742 0.494564 479
100 10 100 10 0.0017782794 Simple 0.4 0.34981 10813.7 11365.1 0.684477 0.460462 0.508063 482
100 10 100 10 0.0017782794 Simple 0.5 0.321511 21154.1 21786.5 0.673889 0.47817 0.505478 482
100 10 100 10 0.0017782794 Simple 0.6 0.271278 37042.7 38009.1 0.668824 0.468428 0.486388 482
100 10 100 10 0.0017782794 Simple 0.7 0.212342 49622.3 51092.2 0.652241 0.478193 0.493281 482
100 10 100 10 0.0017782794 Simple 0.8 0.146043 60584 62889.2 0.651427 0.512234 0.527348 482
100 10 100 10 0.0017782794 Simple 0.9 0.0773369 70915 74092.7 0.544197 0.556358 0.574157 479
100 10 100 10 0.0031622777 DRAND 0.0 0.214048 58315.1 75983.5 0.22348 0.468786 0.484102 476
100 10 100 10 0.0031622777 DRAND 0.1 0.201741 60229.8 79311.9 0.196817 0.482427 0.497828 488
100 10 100 10 0.0031622777 DRAND 0.2 0.188307 61948.5 82583 0.175017 0.495537 0.510804 488
100 10 100 10 0.0031622777 DRAND 0.3 0.170087 64610 87292.3 0.154965 0.514271 0.529396 488
100 10 100 10 0.0031622777 DRAND 0.4 0.153011 68124.1 92668.3 0.134974 0.535177 0.550385 488
100 10 100 10 0.0031622777 DRAND 0.5 0.135556 72278 99505.6 0.115882 0.563486 0.579331 491
100 10 100 10 0.0031622777 DRAND 0.6 0.115927 78117.9 108369 0.102629 0.59586 0.613207 488
100 10 100 10 0.0031622777 DRAND 0.7 0.091257 85206.5 119850 0.0918316 0.63292 0.654333 488
100 10 100 10 0.0031622777 DRAND 0.8 0.0664544 93995.5 134653 0.0891638 0.669349 0.697414 488
100 10 100 10 0.0031622777 DRAND 0.9 0.0365389 99730.6 152341 0.108026 0.692822 0.731744 491
100 10 100 10 0.0031622777 Lobats 0.0 0.594772 15124.4 16311.5 0.530527 0.460534 0.510119 301
100 10 100 10 0.0031622777 Lobats 0.1 0.562472 22136.7 23809.6 0.498578 0.454579 0.494834 274
100 10 100 10 0.0031622777 Lobats 0.2 0.515483 30454.5 32680.9 0.467355 0.4411 0.47495 260
100 10 100 10 0.0031622777 Lobats 0.3 0.463345 38463.2 41949.6 0.432419 0.44527 0.474261 246
100 10 100 10 0.0031622777 Lobats 0.4 0.407728 45547.8 50583.6 0.394558 0.45557 0.480922 243
100 10 100 10 0.0031622777 Lobats 0.5 0.352625 51802.1 59149.7 0.353209 0.475881 0.497685 229
100 10 100 10 0.0031622777 Lobats 0.6 0.28558 59025.7 70066.2 0.312249 0.506514 0.524173 212
100 10 100 10 0.0031622777 Lobats 0.7 0.222485 66222 82055.1 0.246484 0.540119 0.554292 212
100 10 100 10 0.0031622777 Lobats 0.8 0.152614 75033.8 98191.8 0.169151 0.58897 0.601695 198
100 10 100 10 0.0031622777 Lobats 0.9 0.0814626 86733.4 121741 0.113775 0.648301 0.664451 186
100 10 100 10 0.0031622777 LocalVoting 0.0 0.627791 4244.8 5473.69 0.726712 0.375419 0.486522 500
100 10 100 10 0.0031622777 LocalVoting 0.1 0.611928 9021.41 10504.8 0.696554 0.424495 0.494678 500
100 10 100 10 0.0031622777 LocalVoting 0.2 0.572022 17556.7 19395.4 0.652772 0.446657 0.489598 500
100 10 100 10 0.0031622777 LocalVoting 0.3 0.516144 28448.4 30811.9 0.612394 0.440802 0.470721 500
100 10 100 10 0.0031622777 LocalVoting 0.4 0.45111 37863.4 40805.3 0.579494 0.440985 0.465575 500
100 10 100 10 0.0031622777 LocalVoting 0.5 0.382318 45807 49851.8 0.541218 0.451332 0.473186 500
100 10 100 10 0.0031622777 LocalVoting 0.6 0.311171 53284.2 58584 0.49712 0.473401 0.493101 500
100 10 100 10 0.0031622777 LocalVoting 0.7 0.238231 59981.4 67244.7 0.43335 0.503042 0.520905 500
100 10 100 10 0.0031622777 LocalVoting 0.8 0.160983 67970.9 78090.5 0.300779 0.542556 0.55837 500
100 10 100 10 0.0031622777 LocalVoting 0.9 0.0850156 78974.9 95098.1 0.165684 0.603685 0.616093 500
100 10 100 10 0.0031622777 LQF 0.0 0.631559 3904.84 8148.69 0.605535 0.313446 0.420818 413
100 10 100 10 0.0031622777 LQF 0.1 0.616458 8540.25 14792.9 0.528622 0.369578 0.437144 415
100 10 100 10 0.0031622777 LQF 0.2 0.579307 16099.1 24556.3 0.475635 0.420448 0.464305 406
100 10 100 10 0.0031622777 LQF 0.3 0.521906 25930.7 36140.3 0.440887 0.459795 0.494952 401
100 10 100 10 0.0031622777 LQF 0.4 0.454081 36899.8 49103.3 0.407875 0.493886 0.524415 400
100 10 100 10 0.0031622777 LQF 0.5 0.380541 46947 61124.9 0.375771 0.516076 0.545366 390
100 10 100 10 0.0031622777 LQF 0.6 0.303556 56797.5 73625.6 0.35593 0.542393 0.569798 390
100 10 100 10 0.0031622777 LQF 0.7 0.226797 66193.2 85731.3 0.348258 0.576464 0.60234 386
100 10 100 10 0.0031622777 LQF 0.8 0.15005 76696.3 99538 0.322245 0.624958 0.648486 385
100 10 100 10 0.0031622777 LQF 0.9 0.0780275 87914.3 112597 0.317814 0.6695 0.691854 376
100 10 100 10 0.0031622777 Lyui 0.0 0.245836 50857.9 64870 0.30191 0.412616 0.430528 488
100 10 100 10 0.0031622777 Lyui 0.1 0.230097 52394.4 67613.2 0.282337 0.422154 0.439596 487
100 10 100 10 0.0031622777 Lyui 0.2 0.216482 54168.3 70705.1 0.262269 0.436057 0.452615 490
100 10 100 10 0.0031622777 Lyui 0.3 0.198526 56056.5 74310.4 0.239648 0.447365 0.463403 488
100 10 100 10 0.0031622777 Lyui 0.4 0.184083 58529.5 78790.1 0.217419 0.465281 0.48164 488
100 10 100 10 0.0031622777 Lyui 0.5 0.165286 60525.7 83624 0.191905 0.4836 0.500379 488
100 10 100 10 0.0031622777 Lyui 0.6 0.143876 64768.2 90390.1 0.166914 0.50929 0.526534 488
100 10 100 10 0.0031622777 Lyui 0.7 0.120071 69002.7 98828.5 0.142122 0.540057 0.558778 485
100 10 100 10 0.0031622777 Lyui 0.8 0.0905453 75980.2 111729 0.117494 0.580001 0.60307 488
100 10 100 10 0.0031622777 Lyui 0.9 0.0550889 84304.4 130544 0.108482 0.628449 0.658289 490
100 10 100 10 0.0031622777 Simple 0.0 0.606357 14683.8 15453.6 0.676181 0.492223 0.52549 427
100 10 100 10 0.0031622777 Simple 0.1 0.590291 16989.8 17809.4 0.679791 0.482385 0.512823 467
100 10 100 10 0.0031622777 Simple 0.2 0.544186 26318.4 27283.5 0.68252 0.474833 0.495567 473
100 10 100 10 0.0031622777 Simple 0.3 0.492069 34329.2 35491.4 0.682909 0.464007 0.4807 479
100 10 100 10 0.0031622777 Simple 0.4 0.426802 42269.1 43440.4 0.682109 0.461095 0.475255 476
100 10 100 10 0.0031622777 Simple 0.5 0.364972 49836.5 51332.9 0.681032 0.473445 0.486405 482
100 10 100 10 0.0031622777 Simple 0.6 0.296015 56020.6 57681.5 0.67032 0.48828 0.500958 479
100 10 100 10 0.0031622777 Simple 0.7 0.226521 62039.8 64253.5 0.657169 0.514447 0.527462 479
100 10 100 10 0.0031622777 Simple 0.8 0.155362 68827.2 71380.7 0.63526 0.542567 0.556637 478
100 10 100 10 0.0031622777 Simple 0.9 0.0823321 73264 76531.6 0.493118 0.563614 0.580361 477
100 10 100 10 0.0056234133 DRAND 0.0 0.273651 63559.5 82171 0.214025 0.501752 0.509314 476
100 10 100 10 0.0056234133 DRAND 0.1 0.254551 66558.8 86591.9 0.192033 0.524911 0.53094 485
100 10 100 10 0.0056234133 DRAND 0.2 0.232483 69656 91049.8 0.173271 0.544107 0.549794 491
100 10 100 10 0.0056234133 DRAND 0.3 0.212767 73614.6 96490.3 0.155568 0.568962 0.57437 488
100 10 100 10 0.0056234133 DRAND 0.4 0.188928 78160 102981 0.140021 0.59703 0.602604 488
100 10 100 10 0.0056234133 DRAND 0.5 0.163531 83439.7 110983 0.127494 0.625655 0.631859 488
100 10 100 10 0.0056234133 DRAND 0.6 0.133903 90782.2 120821 0.119641 0.653462 0.663109 488
100 10 100 10 0.0056234133 DRAND 0.7 0.105489 96473.9 131018 0.118967 0.674329 0.688804 490
100 10 100 10 0.0056234133 DRAND 0.8 0.0740281 102058 143508 0.127683 0.687293 0.710074 491
100 10 100 10 0.0056234133 DRAND 0.9 0.0430267 100323 155916 0.165984 0.677104 0.711118 488
100 10 100 10 0.0056234133 Lobats 0.0 0.704754 45145 49469.5 0.44073 0.442306 0.464528 259
100 10 100 10 0.0056234133 Lobats 0.1 0.641467 49055.4 54356.5 0.425337 0.452396 0.472358 224
100 10 100 10 0.0056234133 Lobats 0.2 0.579363 52900 59548 0.404341 0.469064 0.487027 213
100 10 100 10 0.0056234133 Lobats 0.3 0.515273 56795.7 64945.5 0.377204 0.484363 0.499434 199
100 10 100 10 0.0056234133 Lobats 0.4 0.447381 61293.7 71239.2 0.353155 0.504615 0.517111 201
100 10 100 10 0.0056234133 Lobats 0.5 0.379277 65004.4 77920.9 0.32169 0.526902 0.536398 197
100 10 100 10 0.0056234133 Lobats 0.6 0.307607 70692.9 86829.6 0.278244 0.556544 0.563625 181
100 10 100 10 0.0056234133 Lobats 0.7 0.237037 75426.6 95648.3 0.219392 0.581422 0.587314 185
100 10 100 10 0.0056234133 Lobats 0.8 0.163399 83237 110168 0.169246 0.623609 0.628583 173
100 10 100 10 0.0056234133 Lobats 0.9 0.0880988 91100.5 129248 0.152685 0.660949 0.669049 174
100 10 100 10 0.0056234133 LocalVoting 0.0 0.764637 39006.7 41351.5 0.684346 0.428604 0.44767 500
100 10 100 10 0.0056234133 LocalVoting 0.1 0.692136 43822.1 46456.2 0.658895 0.433829 0.451507 500
100 10 100 10 0.0056234133 LocalVoting 0.2 0.621995 47805.6 50844.6 0.639207 0.445378 0.462017 500
100 10 100 10 0.0056234133 LocalVoting 0.3 0.547317 51917.4 55391.3 0.615042 0.458567 0.474248 500
100 10 100 10 0.0056234133 LocalVoting 0.4 0.475744 55041.6 59452.8 0.590885 0.470593 0.48579 500
100 10 100 10 0.0056234133 LocalVoting 0.5 0.40083 58656.8 63925.5 0.551937 0.488985 0.503578 500
100 10 100 10 0.0056234133 LocalVoting 0.6 0.323194 62608.6 68995 0.495814 0.510397 0.52364 500
100 10 100 10 0.0056234133 LocalVoting 0.7 0.246665 66673.4 74442.9 0.395975 0.535125 0.547911 500
100 10 100 10 0.0056234133 LocalVoting 0.8 0.168601 72403.1 81959.2 0.273326 0.568312 0.578232 500
100 10 100 10 0.0056234133 LocalVoting 0.9 0.0902068 82788.6 97690.1 0.195832 0.62384 0.631009 500
100 10 100 10 0.0056234133 LQF 0.0 0.773001 37961.2 46690.2 0.494283 0.480566 0.505164 392
100 10 100 10 0.0056234133 LQF 0.1 0.698768 44025.8 53472.5 0.470704 0.495509 0.518598 392
100 10 100 10 0.0056234133 LQF 0.2 0.620423 50353 60926 0.448837 0.514205 0.535791 387
100 10 100 10 0.0056234133 LQF 0.3 0.543702 55589.7 67540.7 0.426582 0.528753 0.549229 386
100 10 100 10 0.0056234133 LQF 0.4 0.46432 61076.8 74465.8 0.412815 0.548167 0.567351 383
100 10 100 10 0.0056234133 LQF 0.5 0.384761 67424.6 82259.4 0.393043 0.572856 0.590549 381
100 10 100 10 0.0056234133 LQF 0.6 0.305834 73728.5 90015.2 0.375682 0.599238 0.615865 380
100 10 100 10 0.0056234133 LQF 0.7 0.228712 80434 98251.3 0.376744 0.630458 0.645979 379
100 10 100 10 0.0056234133 LQF 0.8 0.155924 88665.5 108075 0.371111 0.662368 0.676976 374
100 10 100 10 0.0056234133 LQF 0.9 0.0836549 96494.2 116795 0.371677 0.672939 0.687636 377
100 10 100 10 0.0056234133 Lyui 0.0 0.322907 54813.6 70036.3 0.309797 0.434215 0.444224 488
100 10 100 10 0.0056234133 Lyui 0.1 0.304857 56597.3 72961.2 0.292516 0.446172 0.455607 485
100 10 100 10 0.0056234133 Lyui 0.2 0.285332 57914.3 75402 0.276658 0.457812 0.466714 490
100 10 100 10 0.0056234133 Lyui 0.3 0.262204 60280.2 79321.3 0.255676 0.474598 0.483479 488
100 10 100 10 0.0056234133 Lyui 0.4 0.237659 63793.9 84338.5 0.232767 0.494765 0.502995 485
100 10 100 10 0.0056234133 Lyui 0.5 0.210833 66685.6 89414.8 0.211077 0.515233 0.523478 488
100 10 100 10 0.0056234133 Lyui 0.6 0.181118 70260.3 95897.3 0.188751 0.537579 0.547051 488
100 10 100 10 0.0056234133 Lyui 0.7 0.149661 76104.4 105190 0.166956 0.568196 0.578979 488
100 10 100 10 0.0056234133 Lyui 0.8 0.110802 81331.4 116354 0.149557 0.595772 0.610467 485
100 10 100 10 0.0056234133 Lyui 0.9 0.0662375 87170.1 133193 0.15672 0.625708 0.648235 488
100 10 100 10 0.0056234133 Simple 0.0 0.719469 45242.5 46449.3 0.691986 0.463839 0.475569 424
100 10 100 10 0.0056234133 Simple 0.1 0.66457 47709 48956.6 0.68941 0.46313 0.474717 461
100 10 100 10 0.0056234133 Simple 0.2 0.596508 51843.2 53255.3 0.690472 0.471364 0.482321 470
100 10 100 10 0.0056234133 Simple 0.3 0.527543 55353.9 57032.7 0.687785 0.48496 0.495721 473
100 10 100 10 0.0056234133 Simple 0.4 0.45828 58348.8 60122.9 0.686132 0.498063 0.508846 476
100 10 100 10 0.0056234133 Simple 0.5 0.387062 61558.1 63635.6 0.678412 0.511307 0.522283 476
100 10 100 10 0.0056234133 Simple 0.6 0.31653 65482.4 67805.8 0.670966 0.52903 0.540191 476
100 10 100 10 0.0056234133 Simple 0.7 0.240068 68656.9 71164.9 0.645676 0.542466 0.554584 476
100 10 100 10 0.0056234133 Simple 0.8 0.167556 70701.3 73856.1 0.606779 0.555283 0.568883 473
100 10 100 10 0.0056234133 Simple 0.9 0.0899657 70043.5 73742.5 0.499359 0.545027 0.561092 476
100 10 100 10 0.01 DRAND 0.0 0.329635 76590.7 95561.5 0.209978 0.589735 0.58597 473
100 10 100 10 0.01 DRAND 0.1 0.299343 81158.6 101095 0.193204 0.614839 0.610225 485
100 10 100 10 0.01 DRAND 0.2 0.270553 84927.6 106401 0.17886 0.633934 0.629538 488
100 10 100 10 0.01 DRAND 0.3 0.240481 89796.2 113081 0.166424 0.655614 0.652521 485
100 10 100 10 0.01 DRAND 0.4 0.210171 94477.6 119552 0.158535 0.670967 0.670267 488
100 10 100 10 0.01 DRAND 0.5 0.178229 99296.8 126820 0.154322 0.682904 0.685436 488
100 10 100 10 0.01 DRAND 0.6 0.146454 102777 133425 0.154549 0.686194 0.693528 485
100 10 100 10 0.01 DRAND 0.7 0.116197 105131 140279 0.167003 0.681984 0.695663 488
100 10 100 10 0.01 DRAND 0.8 0.082773 104107 146287 0.189778 0.665395 0.686615 487
100 10 100 10 0.01 DRAND 0.9 0.0522862 89911.3 148090 0.258329 0.618092 0.647411 486
100 10 100 10 0.01 Lobats 0.0 0.75645 60500.4 68592.2 0.407485 0.495493 0.504754 221
100 10 100 10 0.01 Lobats 0.1 0.690994 63133.4 72125.5 0.393701 0.509382 0.516617 184
100 10 100 10 0.01 Lobats 0.2 0.62315 65798.5 76095.3 0.374472 0.524538 0.530353 184
100 10 100 10 0.01 Lobats 0.3 0.548187 69032.9 80776.6 0.353294 0.540518 0.54416 183
100 10 100 10 0.01 Lobats 0.4 0.475352 71952 85692.9 0.32821 0.558155 0.560128 170
100 10 100 10 0.01 Lobats 0.5 0.40416 76035.4 91743.9 0.30093 0.577729 0.57792 175
100 10 100 10 0.01 Lobats 0.6 0.328674 79840.6 98287.6 0.261175 0.596857 0.596388 160
100 10 100 10 0.01 Lobats 0.7 0.252639 85104.8 107660 0.217895 0.622155 0.621491 161
100 10 100 10 0.01 Lobats 0.8 0.172488 90482.5 118545 0.199935 0.643926 0.643426 169
100 10 100 10 0.01 Lobats 0.9 0.0982811 91260.5 129614 0.215185 0.638495 0.642648 174
100 10 100 10 0.01 LocalVoting 0.0 0.793796 54753.1 57907.1 0.68724 0.462769 0.474991 500
100 10 100 10 0.01 LocalVoting 0.1 0.719953 57081.6 60501.2 0.672452 0.474984 0.486782 500
100 10 100 10 0.01 LocalVoting 0.2 0.645766 58566.6 62281 0.654442 0.484579 0.496317 500
100 10 100 10 0.01 LocalVoting 0.3 0.567716 60179.1 64480.1 0.633259 0.493854 0.505433 500
100 10 100 10 0.01 LocalVoting 0.4 0.493823 61914.5 66827.1 0.596423 0.504765 0.515797 500
100 10 100 10 0.01 LocalVoting 0.5 0.415391 64009.8 69307.2 0.543279 0.519388 0.529488 500
100 10 100 10 0.01 LocalVoting 0.6 0.336768 66748.3 72989.5 0.462279 0.537847 0.547471 500
100 10 100 10 0.01 LocalVoting 0.7 0.257249 70334.7 77769.7 0.365674 0.563611 0.571797 500
100 10 100 10 0.01 LocalVoting 0.8 0.177863 76245.2 85372 0.277448 0.598203 0.602992 500
100 10 100 10 0.01 LocalVoting 0.9 0.09879 87806 102766 0.255346 0.623149 0.62735 500
100 10 100 10 0.01 LQF 0.0 0.775349 62451.3 72005.1 0.480769 0.543476 0.557534 383
100 10 100 10 0.01 LQF 0.1 0.700689 66018.7 76427.7 0.466492 0.55757 0.570568 380
100 10 100 10 0.01 LQF 0.2 0.619471 69843.2 80745.4 0.451655 0.572099 0.584165 374
100 10 100 10 0.01 LQF 0.3 0.542069 73741.7 85671.7 0.440364 0.590913 0.602069 377
100 10 100 10 0.01 LQF 0.4 0.466118 77836.4 90248.2 0.433423 0.608024 0.618263 374
100 10 100 10 0.01 LQF 0.5 0.38808 81971.8 95689.5 0.419806 0.6285 0.637826 378
100 10 100 10 0.01 LQF 0.6 0.313467 86788.7 101354 0.414456 0.649462 0.658743 371
100 10 100 10 0.01 LQF 0.7 0.238003 92059.1 107371 0.419064 0.666186 0.675424 376
100 10 100 10 0.01 LQF 0.8 0.166953 97280.1 113468 0.423597 0.674404 0.684225 374
100 10 100 10 0.01 LQF 0.9 0.0938287 97824.9 114549 0.453148 0.639222 0.650961 376
100 10 100 10 0.01 Lyui 0.0 0.415089 60401 75859.2 0.327946 0.471029 0.473801 485
100 10 100 10 0.01 Lyui 0.1 0.386636 62422 78875 0.313354 0.483564 0.486005 488
100 10 100 10 0.01 Lyui 0.2 0.35774 65502.2 83133 0.292721 0.502155 0.503918 485
100 10 100 10 0.01 Lyui 0.3 0.325221 67932.6 86709.8 0.276503 0.514928 0.516509 485
100 10 100 10 0.01 Lyui 0.4 0.293073 70896.6 91387.1 0.257871 0.532613 0.534653 485
100 10 100 10 0.01 Lyui 0.5 0.258238 74651.1 97215.4 0.238077 0.554522 0.556275 485
100 10 100 10 0.01 Lyui 0.6 0.220427 78395.2 103433 0.221564 0.57128 0.574327 488
100 10 100 10 0.01 Lyui 0.7 0.176871 82979.5 111003 0.204967 0.588281 0.59386 485
100 10 100 10 0.01 Lyui 0.8 0.130947 87565.7 121202 0.198022 0.606055 0.615023 485
100 10 100 10 0.01 Lyui 0.9 0.0792476 88486.8 133443 0.219958 0.612075 0.627968 485
100 10 100 10 0.01 Simple 0.0 0.768004 59209.6 61073.8 0.687501 0.501967 0.511019 416
100 10 100 10 0.01 Simple 0.1 0.699597 60958.2 62647.8 0.684133 0.507055 0.516482 461
100 10 100 10 0.01 Simple 0.2 0.627938 62867.5 64661.3 0.680612 0.514484 0.523809 467
100 10 100 10 0.01 Simple 0.3 0.556664 64481.2 66450.8 0.676633 0.524515 0.534039 470
100 10 100 10 0.01 Simple 0.4 0.48469 66222.1 68351 0.671544 0.532118 0.54192 473
100 10 100 10 0.01 Simple 0.5 0.406919 68565.4 70529.7 0.666602 0.540296 0.550546 473
100 10 100 10 0.01 Simple 0.6 0.333508 69634.9 71861.5 0.660592 0.547736 0.558673 476
100 10 100 10 0.01 Simple 0.7 0.253703 70069.2 72701.7 0.636845 0.549667 0.561512 473
100 10 100 10 0.01 Simple 0.8 0.178728 69895.8 72561 0.596016 0.545133 0.558112 473
100 10 100 10 0.01 Simple 0.9 0.10006 65061.7 68413.3 0.512787 0.509554 0.524584 473
100 10 100 10 0.0177827941 DRAND 0.0 0.356951 96890.4 115972 0.217766 0.680923 0.673434 473
100 10 100 10 0.0177827941 DRAND 0.1 0.323299 99965.2 120219 0.208085 0.687391 0.681442 482
100 10 100 10 0.0177827941 DRAND 0.2 0.292478 102413 124059 0.202455 0.689533 0.686254 488
100 10 100 10 0.0177827941 DRAND 0.3 0.258277 105183 128117 0.197997 0.690393 0.689578 485
100 10 100 10 0.0177827941 DRAND 0.4 0.227382 106582 131402 0.200633 0.684212 0.68682 485
100 10 100 10 0.0177827941 DRAND 0.5 0.194406 108068 134879 0.203652 0.677881 0.684299 488
100 10 100 10 0.0177827941 DRAND 0.6 0.16389 107067 137670 0.21532 0.663814 0.674471 485
100 10 100 10 0.0177827941 DRAND 0.7 0.131418 103751 139026 0.239761 0.639019 0.654387 488
100 10 100 10 0.0177827941 DRAND 0.8 0.0996527 95642.7 138381 0.282139 0.600356 0.620842 485
100 10 100 10 0.0177827941 DRAND 0.9 0.0678599 73624.3 131392 0.373742 0.530322 0.555666 488
100 10 100 10 0.0177827941 Lobats 0.0 0.805057 71723.7 82489.6 0.403693 0.55261 0.551719 215
100 10 100 10 0.0177827941 Lobats 0.1 0.730914 73701.9 85627.5 0.394918 0.564429 0.562836 169
100 10 100 10 0.0177827941 Lobats 0.2 0.653921 76023.8 88718.9 0.369589 0.573571 0.570512 152
100 10 100 10 0.0177827941 Lobats 0.3 0.574026 79826.6 93734.7 0.344732 0.59118 0.58688 166
100 10 100 10 0.0177827941 Lobats 0.4 0.501556 82322.2 97904.6 0.332653 0.602783 0.598236 158
100 10 100 10 0.0177827941 Lobats 0.5 0.42217 85458.2 102932 0.300448 0.616527 0.611377 167
100 10 100 10 0.0177827941 Lobats 0.6 0.344686 89243.2 108877 0.275506 0.628682 0.623328 175
100 10 100 10 0.0177827941 Lobats 0.7 0.268207 90935.1 114016 0.265006 0.630448 0.626723 163
100 10 100 10 0.0177827941 Lobats 0.8 0.191126 90987 119513 0.266181 0.620362 0.618262 171
100 10 100 10 0.0177827941 Lobats 0.9 0.111637 83659.4 122309 0.306585 0.584506 0.585106 196
100 10 100 10 0.0177827941 LocalVoting 0.0 0.826567 60666.3 64107.7 0.700925 0.495915 0.505362 500
100 10 100 10 0.0177827941 LocalVoting 0.1 0.747672 61205.1 65083.2 0.681643 0.503848 0.51311 500
100 10 100 10 0.0177827941 LocalVoting 0.2 0.668733 62594.7 66608.9 0.655328 0.512071 0.521126 500
100 10 100 10 0.0177827941 LocalVoting 0.3 0.589374 63726.9 68210.3 0.620433 0.521859 0.530489 500
100 10 100 10 0.0177827941 LocalVoting 0.4 0.508522 65947.5 70751.5 0.568404 0.53551 0.543239 500
100 10 100 10 0.0177827941 LocalVoting 0.5 0.43394 67773.7 73105 0.507234 0.549223 0.556201 500
100 10 100 10 0.0177827941 LocalVoting 0.6 0.351321 70169.9 76387.9 0.433415 0.570109 0.575427 500
100 10 100 10 0.0177827941 LocalVoting 0.7 0.272818 74708.5 81948.4 0.361466 0.597283 0.599884 500
100 10 100 10 0.0177827941 LocalVoting 0.8 0.19331 82983 92367.4 0.316379 0.622408 0.623651 500
100 10 100 10 0.0177827941 LocalVoting 0.9 0.11457 87746.5 103076 0.344096 0.570434 0.578771 500
100 10 100 10 0.0177827941 LQF 0.0 0.781245 78640 88113.8 0.489917 0.607062 0.613908 374
100 10 100 10 0.0177827941 LQF 0.1 0.706217 81297.5 91276.1 0.479537 0.618379 0.624624 374
100 10 100 10 0.0177827941 LQF 0.2 0.627696 84006.5 94451.5 0.474349 0.63065 0.636468 368
100 10 100 10 0.0177827941 LQF 0.3 0.549922 86935.2 98039.7 0.472959 0.643636 0.648969 371
100 10 100 10 0.0177827941 LQF 0.4 0.473579 90225.2 101500 0.463738 0.654839 0.660223 371
100 10 100 10 0.0177827941 LQF 0.5 0.403269 93104.3 104925 0.46492 0.665937 0.671021 368
100 10 100 10 0.0177827941 LQF 0.6 0.325983 96103 108690 0.47015 0.670163 0.675914 368
100 10 100 10 0.0177827941 LQF 0.7 0.256213 98789.6 111611 0.488023 0.667599 0.674645 379
100 10 100 10 0.0177827941 LQF 0.8 0.183732 99723.2 113488 0.50238 0.648897 0.657552 371
100 10 100 10 0.0177827941 LQF 0.9 0.110193 91951.5 106216 0.536938 0.567468 0.578796 371
100 10 100 10 0.0177827941 Lyui 0.0 0.506075 70818.1 86092.9 0.352042 0.524567 0.522046 485
100 10 100 10 0.0177827941 Lyui 0.1 0.467263 72570.9 88679 0.336868 0.534639 0.531864 482
100 10 100 10 0.0177827941 Lyui 0.2 0.427949 75359.5 92874.3 0.321919 0.548765 0.546106 485
100 10 100 10 0.0177827941 Lyui 0.3 0.387854 77945.4 96366.2 0.30602 0.558413 0.556224 485
100 10 100 10 0.0177827941 Lyui 0.4 0.345813 80801.7 100626 0.291648 0.571025 0.569766 485
100 10 100 10 0.0177827941 Lyui 0.5 0.302608 83595.6 105004 0.277477 0.580794 0.579889 485
100 10 100 10 0.0177827941 Lyui 0.6 0.25552 85780.2 109961 0.265154 0.586215 0.58799 485
100 10 100 10 0.0177827941 Lyui 0.7 0.207621 88342 115597 0.257606 0.592908 0.596525 485
100 10 100 10 0.0177827941 Lyui 0.8 0.154257 89654.1 121984 0.263926 0.591082 0.598924 485
100 10 100 10 0.0177827941 Lyui 0.9 0.0962274 84007.4 127348 0.313695 0.566327 0.580256 485
100 10 100 10 0.0177827941 Simple 0.0 0.811088 66573.5 68365.4 0.67779 0.530116 0.538649 430
100 10 100 10 0.0177827941 Simple 0.1 0.740355 67152.9 68888.6 0.67157 0.533846 0.542622 463
100 10 100 10 0.0177827941 Simple 0.2 0.663131 68190.5 70063.6 0.670955 0.537998 0.546999 468
100 10 100 10 0.0177827941 Simple 0.3 0.586234 69041.9 71140.2 0.663041 0.542497 0.551695 470
100 10 100 10 0.0177827941 Simple 0.4 0.510859 68942.3 71217.3 0.66033 0.545429 0.555243 473
100 10 100 10 0.0177827941 Simple 0.5 0.434121 69484.8 71843.2 0.65871 0.546363 0.556689 470
100 10 100 10 0.0177827941 Simple 0.6 0.353798 68953.4 71421.7 0.652227 0.543827 0.554778 473
100 10 100 10 0.0177827941 Simple 0.7 0.273682 68034.4 70641.5 0.631511 0.535455 0.547169 470
100 10 100 10 0.0177827941 Simple 0.8 0.19484 65467.4 68124.6 0.606691 0.514374 0.526717 473
100 10 100 10 0.0177827941 Simple 0.9 0.116616 56587.6 59986.7 0.561028 0.452016 0.465189 473
100 10 100 10 0.0316227766 DRAND 0.0 0.383769 107923 127458 0.250474 0.682271 0.681462 467
100 10 100 10 0.0316227766 DRAND 0.1 0.351571 109093 129397 0.248712 0.676477 0.677483 480
100 10 100 10 0.0316227766 DRAND 0.2 0.316579 108383 130223 0.252147 0.664982 0.668291 482
100 10 100 10 0.0316227766 DRAND 0.3 0.287192 108069 131657 0.256639 0.655262 0.66049 482
100 10 100 10 0.0316227766 DRAND 0.4 0.255061 106668 131931 0.266099 0.640014 0.647603 482
100 10 100 10 0.0316227766 DRAND 0.5 0.224531 104103 131432 0.282924 0.619523 0.630098 482
100 10 100 10 0.0316227766 DRAND 0.6 0.189991 100032 130383 0.305565 0.593914 0.607175 485
100 10 100 10 0.0316227766 DRAND 0.7 0.15937 91939.4 126791 0.344228 0.556625 0.572942 482
100 10 100 10 0.0316227766 DRAND 0.8 0.127235 79202.4 120767 0.401525 0.504867 0.524048 482
100 10 100 10 0.0316227766 DRAND 0.9 0.0959683 53502.8 105977 0.511485 0.417704 0.438309 482
100 10 100 10 0.0316227766 Lobats 0.0 0.841488 83445.7 95592.6 0.408687 0.604809 0.598818 211
100 10 100 10 0.0316227766 Lobats 0.1 0.761454 84654.9 97776.3 0.400826 0.610555 0.603737 158
100 10 100 10 0.0316227766 Lobats 0.2 0.68633 86640.4 100869 0.377906 0.615646 0.608583 158
100 10 100 10 0.0316227766 Lobats 0.3 0.60115 88806.9 103928 0.368216 0.621392 0.614342 162
100 10 100 10 0.0316227766 Lobats 0.4 0.527313 90482.4 107351 0.348454 0.626594 0.620107 162
100 10 100 10 0.0316227766 Lobats 0.5 0.451607 92022 109999 0.339414 0.625018 0.618537 169
100 10 100 10 0.0316227766 Lobats 0.6 0.36995 91747.7 112129 0.330374 0.618047 0.612134 172
100 10 100 10 0.0316227766 Lobats 0.7 0.292963 90036.6 113094 0.335821 0.602692 0.597584 178
100 10 100 10 0.0316227766 Lobats 0.8 0.216977 86928.7 114131 0.348693 0.576643 0.573423 194
100 10 100 10 0.0316227766 Lobats 0.9 0.139407 74402.8 110073 0.421615 0.508952 0.511534 213
100 10 100 10 0.0316227766 LocalVoting 0.0 0.859418 63811.4 67572.5 0.683287 0.525135 0.53205 500
100 10 100 10 0.0316227766 LocalVoting 0.1 0.78106 65568.2 69372.9 0.654829 0.534358 0.540832 500
100 10 100 10 0.0316227766 LocalVoting 0.2 0.698864 66484 70582 0.622189 0.543236 0.549436 500
100 10 100 10 0.0316227766 LocalVoting 0.3 0.621164 67784.2 72431.7 0.580244 0.555383 0.560532 500
100 10 100 10 0.0316227766 LocalVoting 0.4 0.541152 69784.6 74714.3 0.528948 0.57135 0.575445 500
100 10 100 10 0.0316227766 LocalVoting 0.5 0.457626 72370.7 78080.7 0.478344 0.59218 0.59397 500
100 10 100 10 0.0316227766 LocalVoting 0.6 0.379252 77884.2 84289.9 0.427459 0.614742 0.615715 500
100 10 100 10 0.0316227766 LocalVoting 0.7 0.300156 84496.7 92026.4 0.389755 0.617088 0.618788 500
100 10 100 10 0.0316227766 LocalVoting 0.8 0.22004 88077.4 98213.4 0.382962 0.58266 0.587937 500
100 10 100 10 0.0316227766 LocalVoting 0.9 0.143557 79487.6 94860 0.455879 0.477867 0.488667 500
100 10 100 10 0.0316227766 LQF 0.0 0.804929 91139 100104 0.509053 0.653957 0.657111 369
100 10 100 10 0.0316227766 LQF 0.1 0.730296 92659.2 102135 0.507352 0.660745 0.663927 370
100 10 100 10 0.0316227766 LQF 0.2 0.658278 95193.2 104574 0.502594 0.665882 0.669402 365
100 10 100 10 0.0316227766 LQF 0.3 0.580827 96528.2 106471 0.501042 0.667242 0.670907 367
100 10 100 10 0.0316227766 LQF 0.4 0.505667 98244.5 108273 0.502777 0.667158 0.671348 370
100 10 100 10 0.0316227766 LQF 0.5 0.433085 99973.4 110072 0.509747 0.664814 0.669483 371
100 10 100 10 0.0316227766 LQF 0.6 0.361267 100729 111237 0.520233 0.655171 0.660853 364
100 10 100 10 0.0316227766 LQF 0.7 0.287979 100558 111050 0.535671 0.633015 0.639955 371
100 10 100 10 0.0316227766 LQF 0.8 0.211896 96101.2 106995 0.577075 0.585185 0.594128 371
100 10 100 10 0.0316227766 LQF 0.9 0.139262 78498 90942.2 0.622034 0.468132 0.478703 370
100 10 100 10 0.0316227766 Lyui 0.0 0.589641 81136.1 96265.1 0.379993 0.562344 0.558908 479
100 10 100 10 0.0316227766 Lyui 0.1 0.545174 82716.3 98658.4 0.366755 0.568359 0.565093 482
100 10 100 10 0.0316227766 Lyui 0.2 0.501445 84110.7 101225 0.357636 0.572967 0.569947 482
100 10 100 10 0.0316227766 Lyui 0.3 0.451299 86512 104424 0.341823 0.579447 0.577318 481
100 10 100 10 0.0316227766 Lyui 0.4 0.401591 87470.6 106638 0.336411 0.578927 0.578167 482
100 10 100 10 0.0316227766 Lyui 0.5 0.34958 89439.7 110280 0.326085 0.581418 0.581991 479
100 10 100 10 0.0316227766 Lyui 0.6 0.298639 89596.8 112693 0.321912 0.578733 0.580992 482
100 10 100 10 0.0316227766 Lyui 0.7 0.242649 89575 115201 0.326089 0.569628 0.573647 482
100 10 100 10 0.0316227766 Lyui 0.8 0.185377 86334.5 116901 0.350733 0.549202 0.556268 481
100 10 100 10 0.0316227766 Lyui 0.9 0.12566 71720.9 112918 0.429033 0.486865 0.499906 482
100 10 100 10 0.0316227766 Simple 0.0 0.861171 68453.5 70460.5 0.660908 0.542569 0.551023 416
100 10 100 10 0.0316227766 Simple 0.1 0.782184 68408.5 70347.2 0.660699 0.541105 0.549934 464
100 10 100 10 0.0316227766 Simple 0.2 0.704229 67915.8 69962.8 0.665173 0.540175 0.549476 464
100 10 100 10 0.0316227766 Simple 0.3 0.626403 67803.4 69912.4 0.658254 0.538837 0.548365 470
100 10 100 10 0.0316227766 Simple 0.4 0.545235 66718 69143.7 0.659037 0.538821 0.548729 467
100 10 100 10 0.0316227766 Simple 0.5 0.464051 66050.4 68806.8 0.657566 0.5354 0.545696 470
100 10 100 10 0.0316227766 Simple 0.6 0.384292 65384.5 67857.1 0.647272 0.526447 0.536838 467
100 10 100 10 0.0316227766 Simple 0.7 0.304288 62993.4 65562.4 0.632387 0.50326 0.514075 472
100 10 100 10 0.0316227766 Simple 0.8 0.224671 57430.4 60316.7 0.613036 0.467533 0.478863 470
100 10 100 10 0.0316227766 Simple 0.9 0.142667 46855.5 50327 0.628113 0.380976 0.39202 470
100 10 100 10 0.0562341325 DRAND 0.0 0.432088 106760 126654 0.310409 0.626533 0.631821 439
100 10 100 10 0.0562341325 DRAND 0.1 0.399729 105263 126237 0.317549 0.613552 0.620107 449
100 10 100 10 0.0562341325 DRAND 0.2 0.368596 103069 125475 0.326716 0.599408 0.607522 449
100 10 100 10 0.0562341325 DRAND 0.3 0.336893 100049 123800 0.341796 0.57951 0.589274 448
100 10 100 10 0.0562341325 DRAND 0.4 0.303961 96226.3 121948 0.359644 0.558993 0.570226 452
100 10 100 10 0.0562341325 DRAND 0.5 0.272611 90539.4 118625 0.3842 0.531581 0.544868 447
100 10 100 10 0.0562341325 DRAND 0.6 0.239266 83436.6 113702 0.419415 0.496896 0.511546 451
100 10 100 10 0.0562341325 DRAND 0.7 0.208533 72859.5 106510 0.469084 0.450359 0.466446 452
100 10 100 10 0.0562341325 DRAND 0.8 0.175786 58283.1 97225.6 0.534475 0.394361 0.411685 451
100 10 100 10 0.0562341325 DRAND 0.9 0.144509 36732.4 81189.1 0.638147 0.312463 0.329169 449
100 10 100 10 0.0562341325 Lobats 0.0 0.883855 91511.7 104664 0.427037 0.622468 0.615305 210
100 10 100 10 0.0562341325 Lobats 0.1 0.804567 91519.7 105587 0.42072 0.621433 0.61382 168
100 10 100 10 0.0562341325 Lobats 0.2 0.722106 92247.7 107250 0.410525 0.619212 0.61194 165
100 10 100 10 0.0562341325 Lobats 0.3 0.654446 92218.8 107924 0.40324 0.613987 0.607377 179
100 10 100 10 0.0562341325 Lobats 0.4 0.572519 92578.9 109622 0.394793 0.609124 0.602994 183
100 10 100 10 0.0562341325 Lobats 0.5 0.491252 92068.9 109953 0.391827 0.598197 0.592395 191
100 10 100 10 0.0562341325 Lobats 0.6 0.421467 89506.7 109867 0.400226 0.581524 0.577312 188
100 10 100 10 0.0562341325 Lobats 0.7 0.340212 86637.2 109536 0.407977 0.556913 0.554881 204
100 10 100 10 0.0562341325 Lobats 0.8 0.266964 79212 105429 0.444834 0.507592 0.508954 211
100 10 100 10 0.0562341325 Lobats 0.9 0.187672 59866.9 91776.8 0.54253 0.404359 0.411645 228
100 10 100 10 0.0562341325 LocalVoting 0.0 0.905138 67407.6 71340.9 0.636759 0.561345 0.564706 500
100 10 100 10 0.0562341325 LocalVoting 0.1 0.829627 69182.2 73333.1 0.609764 0.580851 0.583216 500
100 10 100 10 0.0562341325 LocalVoting 0.2 0.748137 72767.8 77423.5 0.575028 0.599325 0.600471 500
100 10 100 10 0.0562341325 LocalVoting 0.3 0.671371 76870.3 81884.7 0.540325 0.614103 0.615254 500
100 10 100 10 0.0562341325 LocalVoting 0.4 0.58575 81608 86919.9 0.503555 0.62053 0.621383 500
100 10 100 10 0.0562341325 LocalVoting 0.5 0.506627 84997.9 91136.2 0.472552 0.614205 0.616318 500
100 10 100 10 0.0562341325 LocalVoting 0.6 0.428326 87632.3 94561 0.449848 0.594768 0.598103 500
100 10 100 10 0.0562341325 LocalVoting 0.7 0.348358 87266.1 95851.9 0.445557 0.557837 0.563419 500
100 10 100 10 0.0562341325 LocalVoting 0.8 0.269517 81654.9 92110 0.476689 0.488755 0.496975 500
100 10 100 10 0.0562341325 LocalVoting 0.9 0.191572 63192.7 78063.5 0.576851 0.367288 0.379046 500
100 10 100 10 0.0562341325 LQF 0.0 0.859581 98888.9 107290 0.525876 0.665449 0.668306 369
100 10 100 10 0.0562341325 LQF 0.1 0.783795 99667.4 108003 0.528715 0.66194 0.665207 366
100 10 100 10 0.0562341325 LQF 0.2 0.708732 100293 108848 0.526214 0.658004 0.661842 363
100 10 100 10 0.0562341325 LQF 0.3 0.63781 100808 109674 0.533614 0.650743 0.655243 365
100 10 100 10 0.0562341325 LQF 0.4 0.562755 100476 109625 0.538199 0.641027 0.646154 368
100 10 100 10 0.0562341325 LQF 0.5 0.485157 99845.9 108926 0.550763 0.623949 0.629973 365
100 10 100 10 0.0562341325 LQF 0.6 0.415098 98146 107433 0.569818 0.599982 0.60693 365
100 10 100 10 0.0562341325 LQF 0.7 0.339061 93560.9 103297 0.605974 0.559113 0.567023 366
100 10 100 10 0.0562341325 LQF 0.8 0.263173 82955.4 93358 0.652382 0.488186 0.497626 365
100 10 100 10 0.0562341325 LQF 0.9 0.1877 61234.2 71943.1 0.707633 0.358223 0.368278 365
100 10 100 10 0.0562341325 Lyui 0.0 0.681264 88269.5 103288 0.408209 0.571973 0.570099 449
100 10 100 10 0.0562341325 Lyui 0.1 0.632496 89634.5 105442 0.398679 0.576395 0.57488 449
100 10 100 10 0.0562341325 Lyui 0.2 0.577305 89816.1 106187 0.394127 0.571503 0.570932 449
100 10 100 10 0.0562341325 Lyui 0.3 0.524391 90600.1 107898 0.387146 0.570008 0.570524 449
100 10 100 10 0.0562341325 Lyui 0.4 0.472757 89851.8 108574 0.386237 0.562751 0.563859 449
100 10 100 10 0.0562341325 Lyui 0.5 0.415065 89401.7 109850 0.387474 0.555526 0.55813 449
100 10 100 10 0.0562341325 Lyui 0.6 0.356704 87860.6 109907 0.396312 0.542124 0.546018 449
100 10 100 10 0.0562341325 Lyui 0.7 0.297019 84423.9 109093 0.414089 0.519462 0.525363 446
100 10 100 10 0.0562341325 Lyui 0.8 0.23568 75886.8 105441 0.456797 0.475851 0.484549 451
100 10 100 10 0.0562341325 Lyui 0.9 0.173332 55006.1 92041.8 0.557626 0.383128 0.396158 449
100 10 100 10 0.0562341325 Simple 0.0 0.914444 65411.5 67390.6 0.657924 0.537449 0.546347 500
100 10 100 10 0.0562341325 Simple 0.1 0.835244 65035.1 67246 0.666576 0.539609 0.54857 500
100 10 100 10 0.0562341325 Simple 0.2 0.755082 65584.4 67853.4 0.659842 0.540017 0.54904 500
100 10 100 10 0.0562341325 Simple 0.3 0.676477 64468.4 66977.5 0.665016 0.531391 0.540592 500
100 10 100 10 0.0562341325 Simple 0.4 0.598349 63687.2 66168.8 0.662518 0.519346 0.528617 500
100 10 100 10 0.0562341325 Simple 0.5 0.513099 61520.9 63988.1 0.668879 0.503122 0.512672 500
100 10 100 10 0.0562341325 Simple 0.6 0.432163 59141 61940.6 0.66328 0.485385 0.495037 500
100 10 100 10 0.0562341325 Simple 0.7 0.35142 55196.5 58147.9 0.656193 0.449655 0.459458 500
100 10 100 10 0.0562341325 Simple 0.8 0.270214 50267.1 53511.4 0.663213 0.403993 0.41387 500
100 10 100 10 0.0562341325 Simple 0.9 0.190376 42531.6 46621.2 0.700998 0.312743 0.322631 500
100 10 100 10 0.1 DRAND 0.0 0.518619 94410.2 115448 0.39798 0.53756 0.546794 500
100 10 100 10 0.1 DRAND 0.1 0.487032 91419.8 113352 0.411365 0.520841 0.531146 500
100 10 100 10 0.1 DRAND 0.2 0.454702 87720 110579 0.428537 0.50106 0.512236 500
100 10 100 10 0.1 DRAND 0.3 0.424379 83116.4 107518 0.448905 0.480157 0.492372 500
100 10 100 10 0.1 DRAND 0.4 0.392193 77531.1 103232 0.474795 0.453428 0.46659 500
100 10 100 10 0.1 DRAND 0.5 0.361004 70701.4 97651.6 0.509033 0.42064 0.434645 500
100 10 100 10 0.1 DRAND 0.6 0.327215 62690.1 92066.4 0.546103 0.386519 0.401409 500
100 10 100 10 0.1 DRAND 0.7 0.29479 53074.3 84234 0.59413 0.343776 0.359036 500
100 10 100 10 0.1 DRAND 0.8 0.264002 39573.6 73616 0.657538 0.28991 0.305362 500
100 10 100 10 0.1 DRAND 0.9 0.232699 22929.9 58363.8 0.746971 0.21962 0.233473 500
100 10 100 10 0.1 Lobats 0.0 0.964043 94925.6 108972 0.445548 0.612196 0.606672 492
100 10 100 10 0.1 Lobats 0.1 0.889388 94857.5 109193 0.441665 0.605207 0.600506 500
100 10 100 10 0.1 Lobats 0.2 0.810304 93918.4 109314 0.439216 0.595753 0.591634 500
100 10 100 10 0.1 Lobats 0.3 0.735307 93041.7 109357 0.437585 0.58451 0.581355 500
100 10 100 10 0.1 Lobats 0.4 0.657139 91104.4 108448 0.439439 0.567261 0.565345 500
100 10 100 10 0.1 Lobats 0.5 0.581253 88378.9 106887 0.448383 0.545465 0.545027 500
100 10 100 10 0.1 Lobats 0.6 0.503608 83702.3 104117 0.463643 0.515175 0.516797 500
100 10 100 10 0.1 Lobats 0.7 0.428293 77146.6 99432.3 0.491285 0.473476 0.477399 500
100 10 100 10 0.1 Lobats 0.8 0.351336 65525.1 90492 0.547823 0.407655 0.415069 500
100 10 100 10 0.1 Lobats 0.9 0.275101 43487.6 72216.7 0.656944 0.300347 0.311138 500
100 10 100 10 0.1 LocalVoting 0.0 0.991321 82599.5 87317.7 0.581498 0.618812 0.620227 500
100 10 100 10 0.1 LocalVoting 0.1 0.911137 84764.6 89567.3 0.560462 0.61499 0.617395 500
100 10 100 10 0.1 LocalVoting 0.2 0.833442 86549.8 91924.7 0.539328 0.607615 0.610244 500
100 10 100 10 0.1 LocalVoting 0.3 0.752115 87756.9 93471.5 0.52009 0.592753 0.596223 500
100 10 100 10 0.1 LocalVoting 0.4 0.674787 88222.8 94559.4 0.504336 0.574873 0.579181 500
100 10 100 10 0.1 LocalVoting 0.5 0.596212 87384.3 94416.5 0.498071 0.548297 0.553685 500
100 10 100 10 0.1 LocalVoting 0.6 0.514847 84500.5 92509.6 0.502915 0.511293 0.517909 500
100 10 100 10 0.1 LocalVoting 0.7 0.436647 78236.3 87705.9 0.525698 0.458545 0.466705 500
100 10 100 10 0.1 LocalVoting 0.8 0.358214 66881.8 77823.8 0.580519 0.381524 0.391498 500
100 10 100 10 0.1 LocalVoting 0.9 0.280108 45061.8 58947.5 0.69258 0.261852 0.273993 500
100 10 100 10 0.1 LQF 0.0 0.954616 100375 108324 0.549834 0.633921 0.638465 500
100 10 100 10 0.1 LQF 0.1 0.8785 99979.4 108162 0.555649 0.624946 0.630002 500
100 10 100 10 0.1 LQF 0.2 0.804017 98914.3 107331 0.560172 0.611716 0.617222 500
100 10 100 10 0.1 LQF 0.3 0.728707 97674 106119 0.573107 0.595988 0.602107 500
100 10 100 10 0.1 LQF 0.4 0.657166 95782.7 104420 0.584215 0.575867 0.582727 500
100 10 100 10 0.1 LQF 0.5 0.577646 92738 101593 0.601132 0.549415 0.556887 500
100 10 100 10 0.1 LQF 0.6 0.504981 87311.1 96412.2 0.632119 0.510166 0.518509 500
100 10 100 10 0.1 LQF 0.7 0.42795 78739.2 88296.9 0.676765 0.456365 0.465504 500
100 10 100 10 0.1 LQF 0.8 0.351222 65547 75351.3 0.723314 0.377892 0.387603 500
100 10 100 10 0.1 LQF 0.9 0.276229 42989.9 52519.4 0.782919 0.253784 0.264098 500
100 10 100 10 0.1 Lyui 0.0 0.800698 90313.3 105330 0.441218 0.555105 0.555796 500
100 10 100 10 0.1 Lyui 0.1 0.742278 89926.3 105890 0.438777 0.550008 0.551261 500
100 10 100 10 0.1 Lyui 0.2 0.684031 88848 105469 0.439745 0.540918 0.543046 500
100 10 100 10 0.1 Lyui 0.3 0.625378 88045.2 105762 0.440631 0.533767 0.53658 500
100 10 100 10 0.1 Lyui 0.4 0.569046 85509.6 104603 0.44783 0.518468 0.522342 500
100 10 100 10 0.1 Lyui 0.5 0.507381 82832.2 102949 0.461524 0.499678 0.504637 500
100 10 100 10 0.1 Lyui 0.6 0.447501 78699.9 100815 0.479713 0.476431 0.483006 500
100 10 100 10 0.1 Lyui 0.7 0.38423 70721 95438 0.515456 0.435074 0.443325 500
100 10 100 10 0.1 Lyui 0.8 0.323662 58893.8 87104.5 0.570615 0.376863 0.387505 500
100 10 100 10 0.1 Lyui 0.9 0.261546 37950.1 69962.1 0.674162 0.281328 0.294133 500
100 10 100 10 0.1 Simple 0.0 0.994758 62694.6 64959.2 0.679561 0.516688 0.525089 500
100 10 100 10 0.1 Simple 0.1 0.917393 62630.3 65261.6 0.675257 0.512278 0.520436 500
100 10 100 10 0.1 Simple 0.2 0.833407 62036.2 64510.8 0.675879 0.506694 0.514878 500
100 10 100 10 0.1 Simple 0.3 0.750494 60811.3 63403.1 0.68046 0.495409 0.503733 500
100 10 100 10 0.1 Simple 0.4 0.673973 59344.1 62039.3 0.682334 0.477483 0.486004 500
100 10 100 10 0.1 Simple 0.5 0.592054 57228.7 59866.3 0.687203 0.456403 0.465035 500
100 10 100 10 0.1 Simple 0.6 0.511459 54822.6 57792.4 0.686044 0.42963 0.438435 500
100 10 100 10 0.1 Simple 0.7 0.431637 52044.2 55015.1 0.694202 0.392377 0.401257 500
100 10 100 10 0.1 Simple 0.8 0.353005 47499.2 51190.4 0.713347 0.337414 0.346532 500
100 10 100 10 0.1 Simple 0.9 0.278108 36651.7 40944 0.772513 0.230696 0.240743 500
