10 0.0001 Balanced 0.0 100 10 100 0.0207308 29.7437 1015.04 0.987305 0.540772 0.545638 500
10 0.0001 Balanced 0.1 100 10 100 0.0207665 39.7793 1039.52 0.981704 0.515892 0.544217 500
10 0.0001 Balanced 0.2 100 10 100 0.0204561 54.9767 1048.69 0.980091 0.489932 0.548451 500
10 0.0001 Balanced 0.3 100 10 100 0.0201315 83.965 1071.07 0.968243 0.487265 0.554318 500
10 0.0001 Balanced 0.4 100 10 100 0.0206611 164.388 1174.33 0.95764 0.466542 0.558639 500
10 0.0001 Balanced 0.5 100 10 100 0.0205833 371.697 1377.71 0.932295 0.452174 0.543824 500
10 0.0001 Balanced 0.6 100 10 100 0.0205438 766.565 1734.36 0.88036 0.423846 0.52348 500
10 0.0001 Balanced 0.7 100 10 100 0.0207361 1530.37 2450.99 0.807404 0.434909 0.509681 500
10 0.0001 Balanced 0.8 100 10 100 0.0207124 3148.4 4002.69 0.698901 0.449126 0.499583 500
10 0.0001 Balanced 0.9 100 10 100 0.0204202 8989.96 10377.9 0.608607 0.485626 0.515158 500
10 0.0001 DRAND 0.0 100 10 100 0.0196879 13768.7 15239.8 0.833536 0.500842 0.55934 500
10 0.0001 DRAND 0.1 100 10 100 0.0194654 15728.7 17499.8 0.787997 0.52489 0.579559 500
10 0.0001 DRAND 0.2 100 10 100 0.0196981 19469 21132.9 0.764081 0.522461 0.578148 500
10 0.0001 DRAND 0.3 100 10 100 0.0195664 23488.2 25293.9 0.766442 0.535509 0.587842 500
10 0.0001 DRAND 0.4 100 10 100 0.019023 27423.3 30127.1 0.774367 0.553175 0.605725 500
10 0.0001 DRAND 0.5 100 10 100 0.0182825 34102.6 37014.9 0.745513 0.55609 0.607477 500
10 0.0001 DRAND 0.6 100 10 100 0.0174217 43134.9 46493.8 0.727427 0.559085 0.611468 500
10 0.0001 DRAND 0.7 100 10 100 0.0155623 55157 60218.9 0.723832 0.575911 0.626768 500
10 0.0001 DRAND 0.8 100 10 100 0.0127485 70817 81061.7 0.687943 0.596865 0.647569 500
10 0.0001 DRAND 0.9 100 10 100 0.00818334 92464.4 113462 0.672897 0.649459 0.687268 500
10 0.0001 Lobats 0.0 100 10 100 0.020781 523.507 1582.86 0.87226 0.626906 0.639104 500
10 0.0001 Lobats 0.1 100 10 100 0.0204361 619.07 1610.12 0.857926 0.623618 0.64194 500
10 0.0001 Lobats 0.2 100 10 100 0.0205667 756.429 1728.54 0.843869 0.625962 0.646614 500
10 0.0001 Lobats 0.3 100 10 100 0.0208028 948.118 1926.72 0.828373 0.624853 0.643924 500
10 0.0001 Lobats 0.4 100 10 100 0.0200843 1174.54 2139.74 0.81429 0.622915 0.643016 500
10 0.0001 Lobats 0.5 100 10 100 0.0208827 1587.37 2545.11 0.793925 0.608144 0.633694 500
10 0.0001 Lobats 0.6 100 10 100 0.0206314 2191.98 3105.71 0.773736 0.602479 0.619211 500
10 0.0001 Lobats 0.7 100 10 100 0.0204501 3184.96 4057.61 0.751487 0.596267 0.60993 500
10 0.0001 Lobats 0.8 100 10 100 0.0207305 5607.03 6312.43 0.713475 0.572396 0.588559 500
10 0.0001 Lobats 0.9 100 10 100 0.0197928 15613.3 15645.4 0.63525 0.561687 0.581043 500
10 0.0001 LQF 0.0 100 10 100 0.0206334 7.79398 1003.02 0.990832 0.487555 0.535908 500
10 0.0001 LQF 0.1 100 10 100 0.0203667 14.2844 1009.21 0.988311 0.402914 0.542486 500
10 0.0001 LQF 0.2 100 10 100 0.0209474 24.3286 1032.98 0.98193 0.364208 0.537187 500
10 0.0001 LQF 0.3 100 10 100 0.0205083 48.7246 1050.93 0.971963 0.312977 0.534272 500
10 0.0001 LQF 0.4 100 10 100 0.0205561 118.532 1132.14 0.96129 0.315958 0.540592 500
10 0.0001 LQF 0.5 100 10 100 0.0207275 336.178 1362.66 0.935713 0.358067 0.528464 500
10 0.0001 LQF 0.6 100 10 100 0.0205208 742.694 1705.9 0.876266 0.369805 0.515223 500
10 0.0001 LQF 0.7 100 10 100 0.0204959 1625.98 2491.68 0.800783 0.397487 0.499108 500
10 0.0001 LQF 0.8 100 10 100 0.0209059 3677.84 4336.43 0.692648 0.426793 0.489745 500
10 0.0001 LQF 0.9 100 10 100 0.0203807 10002.7 11697.2 0.638267 0.478243 0.513668 500
10 0.0001 Lyui 0.0 100 10 100 0.0198166 13330.3 14799.2 0.651699 0.474196 0.52915 500
10 0.0001 Lyui 0.1 100 10 100 0.019836 15787.3 17380.9 0.636377 0.492307 0.542391 500
10 0.0001 Lyui 0.2 100 10 100 0.0195286 18026 19828 0.61869 0.493988 0.545153 500
10 0.0001 Lyui 0.3 100 10 100 0.0193278 21449.8 23437.4 0.629953 0.500985 0.552496 500
10 0.0001 Lyui 0.4 100 10 100 0.0193403 26255.4 28524.6 0.602393 0.511226 0.560956 500
10 0.0001 Lyui 0.5 100 10 100 0.0181826 31112 33579.8 0.569471 0.513478 0.563836 500
10 0.0001 Lyui 0.6 100 10 100 0.0176372 39664.8 43501.5 0.567786 0.529587 0.579001 500
10 0.0001 Lyui 0.7 100 10 100 0.0160199 49344.2 54766.7 0.561912 0.533001 0.585224 500
10 0.0001 Lyui 0.8 100 10 100 0.0134765 63558.7 72493.8 0.534174 0.550982 0.598137 500
10 0.0001 Lyui 0.9 100 10 100 0.009374 81889.9 102500 0.501738 0.607851 0.64353 500
10 0.0001 Simple 0.0 100 10 100 0.0210899 439.3 1334.2 0.913603 0.226449 0.509393 500
10 0.0001 Simple 0.1 100 10 100 0.0207008 409.979 1255.02 0.941021 0.268984 0.530255 500
10 0.0001 Simple 0.2 100 10 100 0.0207787 417.689 1282.98 0.94023 0.294373 0.530422 500
10 0.0001 Simple 0.3 100 10 100 0.0210518 452.636 1334.18 0.933124 0.324887 0.533165 500
10 0.0001 Simple 0.4 100 10 100 0.0209551 616.286 1454.83 0.912205 0.346867 0.533694 500
10 0.0001 Simple 0.5 100 10 100 0.0206385 931.937 1681.18 0.864234 0.352208 0.51806 500
10 0.0001 Simple 0.6 100 10 100 0.0206397 1605 2144.91 0.809534 0.378741 0.502668 500
10 0.0001 Simple 0.7 100 10 100 0.0209019 3045.88 3046.02 0.745922 0.379158 0.474931 500
10 0.0001 Simple 0.8 100 10 100 0.0205745 5754.88 4969.76 0.700505 0.411241 0.473703 500
10 0.0001 Simple 0.9 100 10 100 0.0204241 15526.1 12675.3 0.708728 0.460061 0.495403 500
10 0.0001778279 Balanced 0.0 100 10 100 0.036129 37.7807 1036.92 0.9835 0.448596 0.536829 500
10 0.0001778279 Balanced 0.1 100 10 100 0.0358941 48.9903 1049.66 0.980412 0.425374 0.537339 500
10 0.0001778279 Balanced 0.2 100 10 100 0.0362829 75.0229 1086.66 0.966135 0.380223 0.537677 500
10 0.0001778279 Balanced 0.3 100 10 100 0.0358865 112.566 1119.69 0.95527 0.369817 0.536791 500
10 0.0001778279 Balanced 0.4 100 10 100 0.0368067 211.286 1244.8 0.943127 0.377506 0.536521 500
10 0.0001778279 Balanced 0.5 100 10 100 0.0362647 475.932 1488.06 0.915881 0.385188 0.513897 500
10 0.0001778279 Balanced 0.6 100 10 100 0.0355479 871.062 1886.63 0.859346 0.395471 0.510221 500
10 0.0001778279 Balanced 0.7 100 10 100 0.0357381 1752.12 2764.8 0.773661 0.406493 0.490873 500
10 0.0001778279 Balanced 0.8 100 10 100 0.0353081 3681 4806.32 0.652904 0.430284 0.483073 500
10 0.0001778279 Balanced 0.9 100 10 100 0.0361164 13540.8 16848.5 0.50819 0.485643 0.525462 500
10 0.0001778279 DRAND 0.0 100 10 100 0.0349883 17990 19567.5 0.754255 0.496961 0.568592 500
10 0.0001778279 DRAND 0.1 100 10 100 0.0340049 20968.5 22437.8 0.700979 0.501978 0.570837 500
10 0.0001778279 DRAND 0.2 100 10 100 0.0334938 24887.2 26682.1 0.675539 0.516194 0.584488 500
10 0.0001778279 DRAND 0.3 100 10 100 0.032603 29326.2 31548.5 0.673928 0.522808 0.590736 500
10 0.0001778279 DRAND 0.4 100 10 100 0.0316169 36551.9 38917 0.637078 0.528898 0.594482 500
10 0.0001778279 DRAND 0.5 100 10 100 0.0298796 43161.2 46202.9 0.647405 0.541192 0.604345 500
10 0.0001778279 DRAND 0.6 100 10 100 0.0271374 53919.2 57919.7 0.621183 0.545334 0.61005 500
10 0.0001778279 DRAND 0.7 100 10 100 0.0234779 64297.5 70797.9 0.55531 0.555591 0.61955 500
10 0.0001778279 DRAND 0.8 100 10 100 0.0188161 79618.4 90986.1 0.535535 0.578151 0.640766 500
10 0.0001778279 DRAND 0.9 100 10 100 0.0115875 96589.6 119686 0.554733 0.638453 0.686292 500
10 0.0001778279 Lobats 0.0 100 10 100 0.0362015 547.004 1556.02 0.86476 0.615383 0.631012 500
10 0.0001778279 Lobats 0.1 100 10 100 0.036957 650.934 1646.96 0.852814 0.607745 0.636907 500
10 0.0001778279 Lobats 0.2 100 10 100 0.0367593 802.519 1790.12 0.835686 0.598095 0.632382 500
10 0.0001778279 Lobats 0.3 100 10 100 0.036381 1013.52 1966.22 0.821308 0.590196 0.631309 500
10 0.0001778279 Lobats 0.4 100 10 100 0.0365937 1291.16 2257.13 0.802147 0.58414 0.624748 500
10 0.0001778279 Lobats 0.5 100 10 100 0.0361078 1740.71 2650.93 0.775592 0.577413 0.612822 500
10 0.0001778279 Lobats 0.6 100 10 100 0.0360647 2417.19 3295.59 0.758441 0.573318 0.601305 500
10 0.0001778279 Lobats 0.7 100 10 100 0.0360159 3753.41 4602.43 0.728558 0.553074 0.584591 500
10 0.0001778279 Lobats 0.8 100 10 100 0.0359872 7033.96 7680.91 0.667352 0.538577 0.570098 500
10 0.0001778279 Lobats 0.9 100 10 100 0.0339821 22808.1 23434.1 0.513281 0.565032 0.592075 500
10 0.0001778279 LQF 0.0 100 10 100 0.0360051 12.9246 1006.57 0.988945 0.303101 0.52232 500
10 0.0001778279 LQF 0.1 100 10 100 0.0354986 22.5988 1021.02 0.979896 0.219605 0.522455 500
10 0.0001778279 LQF 0.2 100 10 100 0.0364655 48.2339 1062.51 0.972439 0.190401 0.519458 500
10 0.0001778279 LQF 0.3 100 10 100 0.0362785 90.3593 1118.52 0.953854 0.17965 0.522301 500
10 0.0001778279 LQF 0.4 100 10 100 0.0358102 172.192 1218.29 0.940389 0.231648 0.514207 500
10 0.0001778279 LQF 0.5 100 10 100 0.036452 440.372 1508.88 0.912759 0.297556 0.509527 500
10 0.0001778279 LQF 0.6 100 10 100 0.0364799 925.637 1997.51 0.854299 0.335685 0.486912 500
10 0.0001778279 LQF 0.7 100 10 100 0.0357346 1922.77 2924.26 0.766931 0.376438 0.476879 500
10 0.0001778279 LQF 0.8 100 10 100 0.0356557 4414.71 5512.11 0.642989 0.413457 0.477719 500
10 0.0001778279 LQF 0.9 100 10 100 0.0349165 14042.3 19419.8 0.515279 0.486309 0.528181 500
10 0.0001778279 Lyui 0.0 100 10 100 0.0342035 16478 18033.7 0.566665 0.458598 0.531492 500
10 0.0001778279 Lyui 0.1 100 10 100 0.0335845 18988 20717.2 0.541564 0.47045 0.540993 500
10 0.0001778279 Lyui 0.2 100 10 100 0.0333381 22306.1 24102.2 0.518188 0.470433 0.541084 500
10 0.0001778279 Lyui 0.3 100 10 100 0.0324561 27505.8 29542.9 0.520892 0.478743 0.547492 500
10 0.0001778279 Lyui 0.4 100 10 100 0.0319146 31849.6 34163.9 0.469197 0.489557 0.553798 500
10 0.0001778279 Lyui 0.5 100 10 100 0.0302733 40087.6 43152.8 0.477447 0.488714 0.554812 500
10 0.0001778279 Lyui 0.6 100 10 100 0.0278288 47127.6 51871 0.456776 0.503585 0.56896 500
10 0.0001778279 Lyui 0.7 100 10 100 0.0249558 56988.1 63701.1 0.429654 0.512469 0.577652 500
10 0.0001778279 Lyui 0.8 100 10 100 0.0202655 69718.6 80572.8 0.408007 0.540535 0.598714 500
10 0.0001778279 Lyui 0.9 100 10 100 0.013317 84429.8 106981 0.376052 0.594004 0.641064 500
10 0.0001778279 Simple 0.0 100 10 100 0.0364955 488.553 1367.03 0.882356 0.207535 0.500466 500
10 0.0001778279 Simple 0.1 100 10 100 0.0357746 421.038 1283.72 0.919414 0.237667 0.519529 500
10 0.0001778279 Simple 0.2 100 10 100 0.0371441 498.876 1356.67 0.906975 0.250134 0.513211 500
10 0.0001778279 Simple 0.3 100 10 100 0.0356178 556.68 1395.92 0.909657 0.2785 0.512097 500
10 0.0001778279 Simple 0.4 100 10 100 0.0361664 704.784 1513.78 0.891865 0.305941 0.513057 500
10 0.0001778279 Simple 0.5 100 10 100 0.0359724 1052.82 1771.79 0.850586 0.331248 0.500208 500
10 0.0001778279 Simple 0.6 100 10 100 0.035992 1752.22 2290.9 0.789815 0.357083 0.489571 500
10 0.0001778279 Simple 0.7 100 10 100 0.0361956 3390.38 3378.45 0.735738 0.375408 0.465223 500
10 0.0001778279 Simple 0.8 100 10 100 0.0360308 6749.92 5934.19 0.692924 0.406885 0.464557 500
10 0.0001778279 Simple 0.9 100 10 100 0.0343632 20879 18412.6 0.695147 0.481403 0.511978 500
10 0.0003162278 Balanced 0.0 100 10 100 0.0632471 50.3114 1048.58 0.976257 0.336493 0.52683 500
10 0.0003162278 Balanced 0.1 100 10 100 0.0641796 76.6597 1089.97 0.966357 0.294068 0.520595 500
10 0.0003162278 Balanced 0.2 100 10 100 0.064137 117.196 1136.67 0.945255 0.27417 0.524546 500
10 0.0003162278 Balanced 0.3 100 10 100 0.0637154 172.225 1209.27 0.932392 0.273726 0.524676 500
10 0.0003162278 Balanced 0.4 100 10 100 0.0637308 313.623 1364.38 0.912377 0.304125 0.515237 500
10 0.0003162278 Balanced 0.5 100 10 100 0.063903 595.683 1683.8 0.867403 0.338247 0.504513 500
10 0.0003162278 Balanced 0.6 100 10 100 0.0642154 1197.84 2322.89 0.811397 0.352682 0.479736 500
10 0.0003162278 Balanced 0.7 100 10 100 0.0628455 2287.81 3513.24 0.715287 0.38931 0.475678 500
10 0.0003162278 Balanced 0.8 100 10 100 0.0638854 5603.16 7542.67 0.578691 0.430703 0.489242 500
10 0.0003162278 Balanced 0.9 100 10 100 0.0579192 25632.9 34131.7 0.393185 0.536346 0.580033 500
10 0.0003162278 DRAND 0.0 100 10 100 0.0582146 26953.7 28489.6 0.640249 0.490774 0.563744 500
10 0.0003162278 DRAND 0.1 100 10 100 0.0567229 30932.1 32758.4 0.607392 0.500111 0.573236 500
10 0.0003162278 DRAND 0.2 100 10 100 0.0543815 35992.5 37973.5 0.557059 0.50421 0.575193 500
10 0.0003162278 DRAND 0.3 100 10 100 0.052131 41391.2 44092 0.545916 0.514396 0.584521 500
10 0.0003162278 DRAND 0.4 100 10 100 0.0488422 48101 50985.1 0.49412 0.510992 0.580981 500
10 0.0003162278 DRAND 0.5 100 10 100 0.0448826 54980.4 59236.9 0.461194 0.522836 0.593056 500
10 0.0003162278 DRAND 0.6 100 10 100 0.0399547 63506.9 69435.6 0.458767 0.534214 0.603742 500
10 0.0003162278 DRAND 0.7 100 10 100 0.0337627 72217.7 80264.7 0.434106 0.552977 0.619731 500
10 0.0003162278 DRAND 0.8 100 10 100 0.0260923 85354.4 98953.4 0.389551 0.579015 0.644693 500
10 0.0003162278 DRAND 0.9 100 10 100 0.0155303 98496.9 124112 0.363571 0.626393 0.682574 500
10 0.0003162278 Lobats 0.0 100 10 100 0.0635287 612.77 1603.72 0.854857 0.58398 0.617797 500
10 0.0003162278 Lobats 0.1 100 10 100 0.0641373 747.265 1730.84 0.842239 0.574792 0.617411 500
10 0.0003162278 Lobats 0.2 100 10 100 0.0634252 918.334 1878.75 0.823099 0.557647 0.610868 500
10 0.0003162278 Lobats 0.3 100 10 100 0.0647502 1139.28 2108.6 0.806596 0.557867 0.617183 500
10 0.0003162278 Lobats 0.4 100 10 100 0.0639116 1506.57 2443.37 0.774326 0.54303 0.605262 500
10 0.0003162278 Lobats 0.5 100 10 100 0.0637361 2091.19 2998.79 0.759348 0.53719 0.593153 500
10 0.0003162278 Lobats 0.6 100 10 100 0.0636025 3082.45 3937.32 0.726721 0.524222 0.575525 500
10 0.0003162278 Lobats 0.7 100 10 100 0.0622555 4873.47 5625.36 0.687233 0.519319 0.56712 500
10 0.0003162278 Lobats 0.8 100 10 100 0.0620614 10426.7 11159 0.600273 0.526698 0.569062 500
10 0.0003162278 Lobats 0.9 100 10 100 0.0510624 40842.3 43661.3 0.371364 0.571345 0.603358 500
10 0.0003162278 LQF 0.0 100 10 100 0.0630747 24.0872 1035.91 0.981755 0.151847 0.516586 500
10 0.0003162278 LQF 0.1 100 10 100 0.0638164 47.3833 1065.17 0.971952 0.129894 0.512204 500
10 0.0003162278 LQF 0.2 100 10 100 0.0640684 73.8448 1116.71 0.958463 0.134863 0.513552 500
10 0.0003162278 LQF 0.3 100 10 100 0.0639273 140.87 1213.65 0.933015 0.147592 0.508657 500
10 0.0003162278 LQF 0.4 100 10 100 0.0626166 262.771 1366.08 0.912384 0.195484 0.497924 500
10 0.0003162278 LQF 0.5 100 10 100 0.0638197 571.254 1731.02 0.875123 0.267338 0.487765 500
10 0.0003162278 LQF 0.6 100 10 100 0.0629898 1156.18 2380.09 0.802427 0.315457 0.472174 500
10 0.0003162278 LQF 0.7 100 10 100 0.0636822 2590.63 4027.32 0.705517 0.369336 0.468065 500
10 0.0003162278 LQF 0.8 100 10 100 0.0631356 6273.94 8875.9 0.569527 0.423044 0.486586 500
10 0.0003162278 LQF 0.9 100 10 100 0.0568731 27346.3 43703.3 0.351003 0.540047 0.586546 500
10 0.0003162278 Lyui 0.0 100 10 100 0.058097 22852.9 24724.8 0.52307 0.444667 0.523532 500
10 0.0003162278 Lyui 0.1 100 10 100 0.0567934 26553.3 28389.5 0.461334 0.449721 0.525596 500
10 0.0003162278 Lyui 0.2 100 10 100 0.0548493 30963.8 33052.9 0.433767 0.462153 0.534654 500
10 0.0003162278 Lyui 0.3 100 10 100 0.052649 35644.4 38217.5 0.406176 0.458108 0.530316 500
10 0.0003162278 Lyui 0.4 100 10 100 0.0501568 41395.3 44812.2 0.378183 0.464038 0.535435 500
10 0.0003162278 Lyui 0.5 100 10 100 0.0466288 47966.4 52104.6 0.351069 0.477418 0.546808 500
10 0.0003162278 Lyui 0.6 100 10 100 0.0424031 56537.5 61853.8 0.318458 0.489173 0.556201 500
10 0.0003162278 Lyui 0.7 100 10 100 0.0365646 64019.5 72789.4 0.321482 0.508507 0.576326 500
10 0.0003162278 Lyui 0.8 100 10 100 0.0294312 74057.9 87327.7 0.269277 0.531081 0.596284 500
10 0.0003162278 Lyui 0.9 100 10 100 0.0186939 87358.3 112554 0.278412 0.58423 0.637587 500
10 0.0003162278 Simple 0.0 100 10 100 0.0637716 653.643 1513.8 0.835249 0.203571 0.484382 500
10 0.0003162278 Simple 0.1 100 10 100 0.064457 558.644 1403.43 0.872289 0.229886 0.511257 500
10 0.0003162278 Simple 0.2 100 10 100 0.0631651 590.373 1413.8 0.877355 0.24088 0.505882 500
10 0.0003162278 Simple 0.3 100 10 100 0.0637291 680.147 1495.84 0.871603 0.260997 0.49865 500
10 0.0003162278 Simple 0.4 100 10 100 0.0635828 863.507 1663.88 0.849496 0.291172 0.505926 500
10 0.0003162278 Simple 0.5 100 10 100 0.0637184 1386.49 2065.66 0.80348 0.315371 0.483901 500
10 0.0003162278 Simple 0.6 100 10 100 0.0639845 2282.27 2738.71 0.753945 0.349145 0.473237 500
10 0.0003162278 Simple 0.7 100 10 100 0.0633136 4371.11 4287.33 0.714955 0.381293 0.462886 500
10 0.0003162278 Simple 0.8 100 10 100 0.0630396 9662.6 8720.58 0.687415 0.434485 0.480555 500
10 0.0003162278 Simple 0.9 100 10 100 0.0535779 37792.9 36201.5 0.677441 0.516295 0.538335 500
10 0.0005623413 Balanced 0.0 100 10 100 0.11227 83.9692 1095.89 0.965566 0.226845 0.517581 500
10 0.0005623413 Balanced 0.1 100 10 100 0.112781 131.9 1161.63 0.945193 0.216134 0.5192 500
10 0.0005623413 Balanced 0.2 100 10 100 0.113394 198.217 1251.33 0.917849 0.221634 0.512226 500
10 0.0005623413 Balanced 0.3 100 10 100 0.112914 315.165 1406.08 0.898188 0.240004 0.501712 500
10 0.0005623413 Balanced 0.4 100 10 100 0.112858 542.718 1681.89 0.86657 0.270907 0.487489 500
10 0.0005623413 Balanced 0.5 100 10 100 0.111962 946.303 2160.02 0.819835 0.311064 0.48052 500
10 0.0005623413 Balanced 0.6 100 10 100 0.112359 1791.46 3179.79 0.740781 0.352691 0.472469 500
10 0.0005623413 Balanced 0.7 100 10 100 0.112149 3795.99 5718.55 0.62434 0.399323 0.485522 500
10 0.0005623413 Balanced 0.8 100 10 100 0.109814 12086.5 16647.6 0.459619 0.480693 0.535597 500
10 0.0005623413 Balanced 0.9 100 10 100 0.0759365 50988.7 67042.9 0.284328 0.562593 0.613969 500
10 0.0005623413 DRAND 0.0 100 10 100 0.0901662 39774.6 42190.4 0.547931 0.49221 0.557229 500
10 0.0005623413 DRAND 0.1 100 10 100 0.0862187 44472.5 47111.5 0.479883 0.494496 0.559605 500
10 0.0005623413 DRAND 0.2 100 10 100 0.0818755 49109.3 52102.9 0.446951 0.496892 0.561518 500
10 0.0005623413 DRAND 0.3 100 10 100 0.0754819 54226.1 58249.7 0.376244 0.50124 0.56589 500
10 0.0005623413 DRAND 0.4 100 10 100 0.0702989 60240.7 64479 0.363615 0.509029 0.573371 500
10 0.0005623413 DRAND 0.5 100 10 100 0.062761 65978.8 71332.9 0.313773 0.515649 0.580995 500
10 0.0005623413 DRAND 0.6 100 10 100 0.0557593 72362.8 79677.1 0.29004 0.530746 0.597187 500
10 0.0005623413 DRAND 0.7 100 10 100 0.0463916 79771.6 89900.4 0.27078 0.546993 0.61405 500
10 0.0005623413 DRAND 0.8 100 10 100 0.0348201 89051.5 104300 0.231049 0.575447 0.640225 500
10 0.0005623413 DRAND 0.9 100 10 100 0.0208686 101289 129861 0.226962 0.631392 0.688204 500
10 0.0005623413 Lobats 0.0 100 10 100 0.112622 727.804 1705.64 0.838457 0.548037 0.610073 500
10 0.0005623413 Lobats 0.1 100 10 100 0.112452 898.769 1871.76 0.819147 0.529491 0.603001 500
10 0.0005623413 Lobats 0.2 100 10 100 0.114302 1138.15 2110.05 0.802462 0.517898 0.604367 500
10 0.0005623413 Lobats 0.3 100 10 100 0.112747 1492.68 2435.87 0.771611 0.505866 0.593117 500
10 0.0005623413 Lobats 0.4 100 10 100 0.112527 2005.19 2920.84 0.748617 0.502947 0.58445 500
10 0.0005623413 Lobats 0.5 100 10 100 0.111784 2866.7 3737.67 0.716394 0.502326 0.576156 500
10 0.0005623413 Lobats 0.6 100 10 100 0.112991 4663.63 5469.95 0.664463 0.495615 0.561257 500
10 0.0005623413 Lobats 0.7 100 10 100 0.111187 9292.04 10023.4 0.589007 0.509201 0.561349 500
10 0.0005623413 Lobats 0.8 100 10 100 0.103011 26452.9 27869.8 0.459567 0.546911 0.586513 500
10 0.0005623413 Lobats 0.9 100 10 100 0.0638949 64571.9 72301 0.25699 0.56383 0.599183 500
10 0.0005623413 LQF 0.0 100 10 100 0.113716 53.5237 1097.7 0.966572 0.102886 0.507811 500
10 0.0005623413 LQF 0.1 100 10 100 0.112911 91.5471 1157.01 0.952455 0.123731 0.509505 500
10 0.0005623413 LQF 0.2 100 10 100 0.114022 160.31 1274.91 0.924862 0.141593 0.498514 500
10 0.0005623413 LQF 0.3 100 10 100 0.112819 277.335 1448.25 0.8923 0.166263 0.484556 500
10 0.0005623413 LQF 0.4 100 10 100 0.112613 494.637 1774.84 0.85831 0.210021 0.471051 500
10 0.0005623413 LQF 0.5 100 10 100 0.113444 951.599 2386.63 0.804708 0.264982 0.460824 500
10 0.0005623413 LQF 0.6 100 10 100 0.11322 1926.28 3744.87 0.729531 0.320538 0.454035 500
10 0.0005623413 LQF 0.7 100 10 100 0.113956 4395.24 7403.48 0.593857 0.387577 0.47484 500
10 0.0005623413 LQF 0.8 100 10 100 0.109728 13674.4 22761.8 0.412001 0.484459 0.537038 500
10 0.0005623413 LQF 0.9 100 10 100 0.07112 53424.9 79591.8 0.275469 0.591741 0.643322 500
10 0.0005623413 Lyui 0.0 100 10 100 0.0919205 35140.3 37499.1 0.448963 0.42983 0.496513 500
10 0.0005623413 Lyui 0.1 100 10 100 0.0879894 38394.6 40849 0.404393 0.43928 0.504995 500
10 0.0005623413 Lyui 0.2 100 10 100 0.0831452 41828.7 44420.2 0.391738 0.442498 0.507829 500
10 0.0005623413 Lyui 0.3 100 10 100 0.0798594 46780.3 50217 0.341173 0.44795 0.512544 500
10 0.0005623413 Lyui 0.4 100 10 100 0.0742855 51642 55913.5 0.308466 0.459266 0.523575 500
10 0.0005623413 Lyui 0.5 100 10 100 0.0676538 56882.8 62281.8 0.272288 0.468269 0.533716 500
10 0.0005623413 Lyui 0.6 100 10 100 0.0607097 63197 69777.8 0.250986 0.479302 0.543826 500
10 0.0005623413 Lyui 0.7 100 10 100 0.0522901 69785.3 79230.1 0.214834 0.499253 0.563252 500
10 0.0005623413 Lyui 0.8 100 10 100 0.0406879 77507.3 92657.7 0.188035 0.523927 0.587011 500
10 0.0005623413 Lyui 0.9 100 10 100 0.0261692 87569.8 115410 0.157276 0.577983 0.634998 500
10 0.0005623413 Simple 0.0 100 10 100 0.113182 917.228 1761.17 0.775634 0.229888 0.479758 500
10 0.0005623413 Simple 0.1 100 10 100 0.112557 726.865 1546.74 0.825355 0.246421 0.506288 500
10 0.0005623413 Simple 0.2 100 10 100 0.111872 812.779 1627.29 0.83155 0.255787 0.50104 500
10 0.0005623413 Simple 0.3 100 10 100 0.112325 967.736 1761.29 0.823229 0.271001 0.493754 500
10 0.0005623413 Simple 0.4 100 10 100 0.112778 1312.62 2049.36 0.805272 0.294251 0.484394 500
10 0.0005623413 Simple 0.5 100 10 100 0.113255 2025.1 2632.28 0.769448 0.332167 0.479421 500
10 0.0005623413 Simple 0.6 100 10 100 0.112781 3559.73 3876.32 0.726983 0.36906 0.469582 500
10 0.0005623413 Simple 0.7 100 10 100 0.111931 7335.28 7148.2 0.697914 0.422991 0.482365 500
10 0.0005623413 Simple 0.8 100 10 100 0.105613 20995.4 20442.4 0.679889 0.495927 0.525237 500
10 0.0005623413 Simple 0.9 100 10 100 0.0661814 56298.9 57001.9 0.645095 0.515219 0.533503 500
10 0.001 Balanced 0.0 100 10 100 0.200986 176.562 1244.25 0.933705 0.19312 0.511544 500
10 0.001 Balanced 0.1 100 10 100 0.200565 266.646 1360.58 0.90213 0.208946 0.505012 500
10 0.001 Balanced 0.2 100 10 100 0.20062 411.87 1562.83 0.867471 0.232201 0.494561 500
10 0.001 Balanced 0.3 100 10 100 0.201113 663.193 1898.72 0.823511 0.261504 0.482874 500
10 0.001 Balanced 0.4 100 10 100 0.201744 1159.31 2548.34 0.776072 0.295525 0.47325 500
10 0.001 Balanced 0.5 100 10 100 0.199037 2039.13 3691.58 0.706167 0.34641 0.478576 500
10 0.001 Balanced 0.6 100 10 100 0.201386 4627.86 7122.01 0.60224 0.405621 0.495718 500
10 0.001 Balanced 0.7 100 10 100 0.193058 13060.4 17854.7 0.471815 0.49739 0.549547 500
10 0.001 Balanced 0.8 100 10 100 0.152312 38843 48808.2 0.365159 0.53876 0.581998 500
10 0.001 Balanced 0.9 100 10 100 0.0854175 72143.2 92941.8 0.202572 0.585633 0.634418 500
10 0.001 DRAND 0.0 100 10 100 0.12682 53491.1 56289 0.436184 0.47922 0.532557 500
10 0.001 DRAND 0.1 100 10 100 0.120386 57253.2 60604 0.388036 0.487284 0.542092 500
10 0.001 DRAND 0.2 100 10 100 0.11241 61316.8 65551.5 0.327174 0.49756 0.55259 500
10 0.001 DRAND 0.3 100 10 100 0.105177 63838.1 68755.5 0.299177 0.500516 0.558178 500
10 0.001 DRAND 0.4 100 10 100 0.0960325 69340.9 74729 0.240331 0.512644 0.569891 500
10 0.001 DRAND 0.5 100 10 100 0.0851736 73731.4 80255.8 0.226272 0.516677 0.575936 500
10 0.001 DRAND 0.6 100 10 100 0.0739124 78656.9 87580.6 0.184082 0.530705 0.593079 500
10 0.001 DRAND 0.7 100 10 100 0.0615502 85409.1 96844.2 0.162588 0.550641 0.612931 500
10 0.001 DRAND 0.8 100 10 100 0.0460392 93869.2 111577 0.128444 0.586539 0.648068 500
10 0.001 DRAND 0.9 100 10 100 0.0267028 104637 136567 0.118243 0.642367 0.696963 500
10 0.001 Lobats 0.0 100 10 100 0.199591 1017 1986.71 0.803017 0.48994 0.595155 500
10 0.001 Lobats 0.1 100 10 100 0.198909 1310.4 2265.07 0.781897 0.480046 0.589065 500
10 0.001 Lobats 0.2 100 10 100 0.200613 1745.12 2682.8 0.752193 0.478048 0.582991 500
10 0.001 Lobats 0.3 100 10 100 0.2011 2425.2 3350.19 0.720928 0.474644 0.572455 500
10 0.001 Lobats 0.4 100 10 100 0.19957 3645.21 4533.64 0.670768 0.478216 0.562556 500
10 0.001 Lobats 0.5 100 10 100 0.199605 6007.36 6845.09 0.608497 0.492053 0.560424 500
10 0.001 Lobats 0.6 100 10 100 0.195815 12947.8 13848 0.544762 0.519454 0.57106 500
10 0.001 Lobats 0.7 100 10 100 0.173305 29935.6 31601.2 0.459666 0.530487 0.570083 500
10 0.001 Lobats 0.8 100 10 100 0.12871 54006.4 58019.1 0.350842 0.536374 0.571118 500
10 0.001 Lobats 0.9 100 10 100 0.0721719 80752.9 93846 0.171592 0.592651 0.626688 500
10 0.001 LQF 0.0 100 10 100 0.201493 140.397 1272.62 0.934103 0.117142 0.491653 500
10 0.001 LQF 0.1 100 10 100 0.200876 234.821 1432.98 0.90569 0.149028 0.484366 500
10 0.001 LQF 0.2 100 10 100 0.199849 377.944 1673.22 0.866383 0.178926 0.4759 500
10 0.001 LQF 0.3 100 10 100 0.200512 650.826 2143.49 0.814863 0.215256 0.457005 500
10 0.001 LQF 0.4 100 10 100 0.199859 1102.01 2897.09 0.763756 0.262778 0.453265 500
10 0.001 LQF 0.5 100 10 100 0.2011 2146.83 4641.95 0.682034 0.31995 0.457367 500
10 0.001 LQF 0.6 100 10 100 0.199838 4875.69 9264.75 0.553257 0.384043 0.474859 500
10 0.001 LQF 0.7 100 10 100 0.192285 14923 25450.6 0.398276 0.480829 0.527721 500
10 0.001 LQF 0.8 100 10 100 0.14651 42150.6 60541.1 0.323594 0.57484 0.614231 500
10 0.001 LQF 0.9 100 10 100 0.0762807 76297.4 103857 0.260009 0.63389 0.681465 500
10 0.001 Lyui 0.0 100 10 100 0.134958 45648 48462.4 0.396816 0.429886 0.4837 500
10 0.001 Lyui 0.1 100 10 100 0.129138 48747.4 52202.2 0.372497 0.435446 0.490415 500
10 0.001 Lyui 0.2 100 10 100 0.120631 52048.3 55732.4 0.336933 0.438949 0.493847 500
10 0.001 Lyui 0.3 100 10 100 0.113356 55477.6 59811.9 0.301002 0.446841 0.502063 500
10 0.001 Lyui 0.4 100 10 100 0.104574 58775.6 64345.8 0.25807 0.457582 0.51441 500
10 0.001 Lyui 0.5 100 10 100 0.0951985 63751.7 70549.4 0.229909 0.470258 0.527126 500
10 0.001 Lyui 0.6 100 10 100 0.0846904 68588 76843.2 0.193899 0.479704 0.537973 500
10 0.001 Lyui 0.7 100 10 100 0.0711693 73614.1 84726.9 0.157332 0.497978 0.55731 500
10 0.001 Lyui 0.8 100 10 100 0.0552387 79936.5 96584.5 0.11699 0.526157 0.584537 500
10 0.001 Lyui 0.9 100 10 100 0.0350677 89369.6 118998 0.107688 0.581891 0.634582 500
10 0.001 Simple 0.0 100 10 100 0.200891 1574.29 2374.29 0.727412 0.285349 0.47536 500
10 0.001 Simple 0.1 100 10 100 0.200411 1163.64 1959.72 0.772645 0.300618 0.51075 500
10 0.001 Simple 0.2 100 10 100 0.200217 1365.7 2137.77 0.771312 0.304648 0.497599 500
10 0.001 Simple 0.3 100 10 100 0.20072 1745.21 2491.78 0.759543 0.32486 0.492589 500
10 0.001 Simple 0.4 100 10 100 0.202239 2603.8 3267.25 0.739399 0.351007 0.483062 500
10 0.001 Simple 0.5 100 10 100 0.199666 4207.74 4704.49 0.714925 0.392533 0.485717 500
10 0.001 Simple 0.6 100 10 100 0.198662 9133.03 9324.77 0.690072 0.447751 0.501357 500
10 0.001 Simple 0.7 100 10 100 0.181599 23962.1 24086.3 0.670227 0.502297 0.527848 500
10 0.001 Simple 0.8 100 10 100 0.134559 47810.4 48510.3 0.661582 0.500622 0.517779 500
10 0.001 Simple 0.9 100 10 100 0.0731002 67409.2 69589.5 0.597717 0.537721 0.55583 500
10 0.0017782794 Balanced 0.0 100 10 100 0.355661 501.753 1705.13 0.864467 0.230163 0.490812 500
10 0.0017782794 Balanced 0.1 100 10 100 0.354145 761.268 2071.56 0.819462 0.2579 0.482813 500
10 0.0017782794 Balanced 0.2 100 10 100 0.357046 1255.36 2747.56 0.767802 0.298628 0.480269 500
10 0.0017782794 Balanced 0.3 100 10 100 0.355362 2149.96 3951.66 0.700873 0.340551 0.480664 500
10 0.0017782794 Balanced 0.4 100 10 100 0.354417 4801.73 7266.48 0.624224 0.400332 0.494133 500
10 0.0017782794 Balanced 0.5 100 10 100 0.342285 12112 15965.7 0.538799 0.480001 0.532078 500
10 0.0017782794 Balanced 0.6 100 10 100 0.302922 27307.2 33404.5 0.469857 0.511451 0.549651 500
10 0.0017782794 Balanced 0.7 100 10 100 0.242784 46096.4 54872 0.411627 0.533639 0.569948 500
10 0.0017782794 Balanced 0.8 100 10 100 0.170266 65719.2 79224.3 0.321108 0.564248 0.601996 500
10 0.0017782794 Balanced 0.9 100 10 100 0.0907622 85582.7 109563 0.158252 0.613544 0.656189 500
10 0.0017782794 DRAND 0.0 100 10 100 0.171606 63424.7 67473.2 0.359768 0.481715 0.527702 500
10 0.0017782794 DRAND 0.1 100 10 100 0.162343 65897.1 70277.6 0.299183 0.487238 0.53489 500
10 0.0017782794 DRAND 0.2 100 10 100 0.150015 69086.9 73783.4 0.263419 0.49189 0.540318 500
10 0.0017782794 DRAND 0.3 100 10 100 0.139034 71812 77674.7 0.217169 0.503798 0.554411 500
10 0.0017782794 DRAND 0.4 100 10 100 0.126974 75746 82763.2 0.184068 0.516043 0.568166 500
10 0.0017782794 DRAND 0.5 100 10 100 0.113948 79399.2 88006.4 0.150401 0.53047 0.584359 500
10 0.0017782794 DRAND 0.6 100 10 100 0.0971368 84878.5 94873.3 0.120683 0.545405 0.599398 500
10 0.0017782794 DRAND 0.7 100 10 100 0.0786546 90449.4 104005 0.104644 0.570745 0.625935 500
10 0.0017782794 DRAND 0.8 100 10 100 0.0575685 100281 120893 0.0842541 0.611696 0.665645 500
10 0.0017782794 DRAND 0.9 100 10 100 0.0329656 107766 145475 0.0930883 0.662121 0.711441 500
10 0.0017782794 Lobats 0.0 100 10 100 0.357484 2145.08 3095.3 0.719783 0.452608 0.569862 500
10 0.0017782794 Lobats 0.1 100 10 100 0.357092 3049.54 3985.76 0.683869 0.462189 0.564433 500
10 0.0017782794 Lobats 0.2 100 10 100 0.356094 4793.95 5708.14 0.636462 0.475347 0.560248 500
10 0.0017782794 Lobats 0.3 100 10 100 0.351186 8206.89 9140.52 0.589819 0.498638 0.564112 500
10 0.0017782794 Lobats 0.4 100 10 100 0.337673 15795.1 16875.8 0.533674 0.521984 0.570487 500
10 0.0017782794 Lobats 0.5 100 10 100 0.303919 28394.7 29904.1 0.499716 0.516371 0.554521 500
10 0.0017782794 Lobats 0.6 100 10 100 0.262484 42497.5 44922.4 0.448417 0.512678 0.546811 500
10 0.0017782794 Lobats 0.7 100 10 100 0.208051 57006.7 61020.3 0.377199 0.528812 0.561383 500
10 0.0017782794 Lobats 0.8 100 10 100 0.147901 73548.4 81345.8 0.255892 0.562236 0.595536 500
10 0.0017782794 Lobats 0.9 100 10 100 0.0794756 92086 109773 0.12601 0.617202 0.649175 500
10 0.0017782794 LQF 0.0 100 10 100 0.356992 476.862 1943.79 0.845674 0.18435 0.461194 500
10 0.0017782794 LQF 0.1 100 10 100 0.354059 724.821 2404.36 0.803407 0.218964 0.454826 500
10 0.0017782794 LQF 0.2 100 10 100 0.356071 1275.11 3404 0.735637 0.260575 0.443468 500
10 0.0017782794 LQF 0.3 100 10 100 0.356956 2316.38 5317.92 0.650139 0.315305 0.455012 500
10 0.0017782794 LQF 0.4 100 10 100 0.354551 4822.6 9646.07 0.558762 0.375902 0.467628 500
10 0.0017782794 LQF 0.5 100 10 100 0.339343 12302.3 20714.8 0.449676 0.453823 0.499986 500
10 0.0017782794 LQF 0.6 100 10 100 0.29532 29306.8 41637.5 0.395664 0.53304 0.564262 500
10 0.0017782794 LQF 0.7 100 10 100 0.230913 49268.5 64530.4 0.358032 0.584916 0.617275 500
10 0.0017782794 LQF 0.8 100 10 100 0.157688 71045.8 90326 0.313053 0.628023 0.661545 500
10 0.0017782794 LQF 0.9 100 10 100 0.0791349 93443.2 119310 0.266918 0.671972 0.708217 500
10 0.0017782794 Lyui 0.0 100 10 100 0.187625 54394.9 58077 0.369973 0.428539 0.473131 500
10 0.0017782794 Lyui 0.1 100 10 100 0.177254 56396.6 60785.5 0.339928 0.431032 0.476604 500
10 0.0017782794 Lyui 0.2 100 10 100 0.167368 58850.5 63815.3 0.310053 0.4411 0.487824 500
10 0.0017782794 Lyui 0.3 100 10 100 0.155455 62689.8 68158.6 0.277643 0.452707 0.500034 500
10 0.0017782794 Lyui 0.4 100 10 100 0.14254 65228.5 71885.9 0.246921 0.460188 0.508573 500
10 0.0017782794 Lyui 0.5 100 10 100 0.129223 67864.9 75463 0.21308 0.467221 0.517019 500
10 0.0017782794 Lyui 0.6 100 10 100 0.11306 72048.6 81610.1 0.177645 0.485063 0.536234 500
10 0.0017782794 Lyui 0.7 100 10 100 0.0953097 76289.2 89356.5 0.143431 0.504743 0.556882 500
10 0.0017782794 Lyui 0.8 100 10 100 0.0737374 82974.1 101330 0.110298 0.536325 0.586913 500
10 0.0017782794 Lyui 0.9 100 10 100 0.0452057 91577.4 123930 0.0932731 0.595995 0.640391 500
10 0.0017782794 Simple 0.0 100 10 100 0.356829 3550.59 4268.8 0.692488 0.385096 0.493049 500
10 0.0017782794 Simple 0.1 100 10 100 0.356826 2663.85 3392.39 0.713337 0.386449 0.512737 500
10 0.0017782794 Simple 0.2 100 10 100 0.355931 3495.36 4186.35 0.709295 0.395781 0.502362 500
10 0.0017782794 Simple 0.3 100 10 100 0.354351 5346.94 5972.09 0.704381 0.425977 0.504411 500
10 0.0017782794 Simple 0.4 100 10 100 0.347521 10046.7 10630 0.69095 0.467666 0.517145 500
10 0.0017782794 Simple 0.5 100 10 100 0.323235 20934.6 21617.6 0.677256 0.49478 0.522537 500
10 0.0017782794 Simple 0.6 100 10 100 0.274645 37073.1 37975.1 0.675555 0.49055 0.508377 500
10 0.0017782794 Simple 0.7 100 10 100 0.215289 51208.5 52397.7 0.682696 0.494758 0.509448 500
10 0.0017782794 Simple 0.8 100 10 100 0.148788 62690.9 64937.6 0.657159 0.523392 0.538303 500
10 0.0017782794 Simple 0.9 100 10 100 0.078422 73135.5 76590.9 0.551458 0.561866 0.57982 500
10 0.0031622777 Balanced 0.0 100 10 100 0.629932 3492.74 5524.56 0.703352 0.378417 0.489713 500
10 0.0031622777 Balanced 0.1 100 10 100 0.619379 7112.41 9721.57 0.648274 0.434892 0.506292 500
10 0.0031622777 Balanced 0.2 100 10 100 0.588022 14630.6 17997.1 0.596653 0.468791 0.513659 500
10 0.0031622777 Balanced 0.3 100 10 100 0.538542 25012 29297.3 0.562879 0.483565 0.517911 500
10 0.0031622777 Balanced 0.4 100 10 100 0.479249 36055.1 41435.3 0.523164 0.49629 0.52676 500
10 0.0031622777 Balanced 0.5 100 10 100 0.413908 47590.6 54178.4 0.488012 0.521385 0.549904 500
10 0.0031622777 Balanced 0.6 100 10 100 0.341944 58307.4 66731.8 0.443183 0.542035 0.570377 500
10 0.0031622777 Balanced 0.7 100 10 100 0.263782 70277.8 81550.2 0.385951 0.565528 0.594224 500
10 0.0031622777 Balanced 0.8 100 10 100 0.183388 82387.7 98159.5 0.268385 0.5943 0.625272 500
10 0.0031622777 Balanced 0.9 100 10 100 0.0957931 93254.2 117620 0.148128 0.631609 0.665816 500
10 0.0031622777 DRAND 0.0 100 10 100 0.227277 69990.8 75040.1 0.298448 0.488032 0.528786 500
10 0.0031622777 DRAND 0.1 100 10 100 0.213306 72605.9 78345.9 0.256003 0.49736 0.539666 500
10 0.0031622777 DRAND 0.2 100 10 100 0.196271 74848.6 81156.1 0.222848 0.504995 0.548011 500
10 0.0031622777 DRAND 0.3 100 10 100 0.181553 78598.6 85793.9 0.192198 0.522159 0.565959 500
10 0.0031622777 DRAND 0.4 100 10 100 0.162942 81047 89481 0.161539 0.533444 0.579288 500
10 0.0031622777 DRAND 0.5 100 10 100 0.143346 86694.2 96392.4 0.137001 0.55667 0.601652 500
10 0.0031622777 DRAND 0.6 100 10 100 0.121656 91683 103933 0.117725 0.579917 0.625181 500
10 0.0031622777 DRAND 0.7 100 10 100 0.0971428 98513 115033 0.103787 0.612137 0.656106 500
10 0.0031622777 DRAND 0.8 100 10 100 0.0690624 107498 132466 0.0966054 0.651155 0.694053 500
10 0.0031622777 DRAND 0.9 100 10 100 0.0385526 109482 153483 0.123214 0.675001 0.713631 500
10 0.0031622777 Lobats 0.0 100 10 100 0.595279 15036.6 16135.6 0.573299 0.502636 0.551591 500
10 0.0031622777 Lobats 0.1 100 10 100 0.562252 22226.1 23525.1 0.539097 0.497782 0.537123 500
10 0.0031622777 Lobats 0.2 100 10 100 0.52286 30680.4 32222.9 0.526497 0.493551 0.52739 500
10 0.0031622777 Lobats 0.3 100 10 100 0.471571 39448 41442.8 0.500333 0.495955 0.526657 500
10 0.0031622777 Lobats 0.4 100 10 100 0.416874 48303.9 50648.5 0.46745 0.502413 0.531653 500
10 0.0031622777 Lobats 0.5 100 10 100 0.36097 57358.2 60544.6 0.432245 0.517774 0.546524 500
10 0.0031622777 Lobats 0.6 100 10 100 0.30184 66251.8 71048.7 0.383505 0.538641 0.567576 500
10 0.0031622777 Lobats 0.7 100 10 100 0.235452 75654.9 82734.5 0.300076 0.564094 0.593409 500
10 0.0031622777 Lobats 0.8 100 10 100 0.163301 86466.2 97828.4 0.199561 0.595557 0.624091 500
10 0.0031622777 Lobats 0.9 100 10 100 0.0863636 98865.3 122469 0.122144 0.643007 0.667407 500
10 0.0031622777 LQF 0.0 100 10 100 0.62958 3643.04 7444.92 0.629215 0.332505 0.436361 500
10 0.0031622777 LQF 0.1 100 10 100 0.617936 7887.69 13415.2 0.560699 0.396895 0.456465 500
10 0.0031622777 LQF 0.2 100 10 100 0.582224 15906.5 23070.7 0.510157 0.454028 0.489479 500
10 0.0031622777 LQF 0.3 100 10 100 0.529908 26495.6 34943.1 0.476743 0.50758 0.534549 500
10 0.0031622777 LQF 0.4 100 10 100 0.467333 37572.1 47115.7 0.453686 0.545 0.570771 500
10 0.0031622777 LQF 0.5 100 10 100 0.397868 50920.6 61993.1 0.420711 0.581275 0.606012 500
10 0.0031622777 LQF 0.6 100 10 100 0.322352 63797.4 76506.5 0.393394 0.612448 0.637354 500
10 0.0031622777 LQF 0.7 100 10 100 0.24375 78057.4 92847.1 0.370449 0.6379 0.663071 500
10 0.0031622777 LQF 0.8 100 10 100 0.161226 92988.2 111340 0.335101 0.670214 0.696154 500
10 0.0031622777 LQF 0.9 100 10 100 0.0818007 105620 129205 0.305047 0.696482 0.722007 500
10 0.0031622777 Lyui 0.0 100 10 100 0.255105 60315.1 64925.5 0.35217 0.431951 0.469638 500
10 0.0031622777 Lyui 0.1 100 10 100 0.240485 62431.6 67662.7 0.32436 0.439157 0.477817 500
10 0.0031622777 Lyui 0.2 100 10 100 0.226771 64034.2 69984.3 0.296957 0.447754 0.487471 500
10 0.0031622777 Lyui 0.3 100 10 100 0.209927 66598.8 73379.4 0.268826 0.459114 0.499544 500
10 0.0031622777 Lyui 0.4 100 10 100 0.192777 68735.4 76563.9 0.24327 0.466765 0.508583 500
10 0.0031622777 Lyui 0.5 100 10 100 0.172462 72218.2 80899.2 0.210944 0.482362 0.523751 500
10 0.0031622777 Lyui 0.6 100 10 100 0.14997 75909.5 87580 0.178554 0.503432 0.545643 500
10 0.0031622777 Lyui 0.7 100 10 100 0.124701 81094.6 95672.2 0.150181 0.527721 0.568978 500
10 0.0031622777 Lyui 0.8 100 10 100 0.0944961 87114.9 108042 0.124642 0.559365 0.598956 500
10 0.0031622777 Lyui 0.9 100 10 100 0.0563445 94534.8 129208 0.115486 0.608571 0.643043 500
10 0.0031622777 Simple 0.0 100 10 100 0.604945 15111.6 15864 0.688765 0.510971 0.543313 500
10 0.0031622777 Simple 0.1 100 10 100 0.589744 16986.4 17813.4 0.691572 0.502578 0.532873 500
10 0.0031622777 Simple 0.2 100 10 100 0.548379 25654.1 26622.9 0.693304 0.492163 0.513121 500
10 0.0031622777 Simple 0.3 100 10 100 0.491775 34698 35620.6 0.695452 0.481573 0.498374 500
10 0.0031622777 Simple 0.4 100 10 100 0.433545 43053.2 44266.5 0.693687 0.483029 0.497243 500
10 0.0031622777 Simple 0.5 100 10 100 0.369236 50983.6 52446.5 0.688889 0.491771 0.504878 500
10 0.0031622777 Simple 0.6 100 10 100 0.30184 58573.2 60176.5 0.686095 0.508401 0.520901 500
10 0.0031622777 Simple 0.7 100 10 100 0.229419 64830.6 66779.3 0.674779 0.532144 0.545044 500
10 0.0031622777 Simple 0.8 100 10 100 0.157935 71034.4 73320.3 0.643165 0.552846 0.566863 500
10 0.0031622777 Simple 0.9 100 10 100 0.0837671 74593.9 78146.3 0.518519 0.569507 0.587059 500
10 0.0056234133 Balanced 0.0 100 10 100 0.814631 38045.1 41988.2 0.606732 0.484728 0.508572 500
10 0.0056234133 Balanced 0.1 100 10 100 0.750267 44379.2 48949.7 0.585048 0.500095 0.522566 500
10 0.0056234133 Balanced 0.2 100 10 100 0.678194 50912.6 56056.1 0.563537 0.514614 0.536237 500
10 0.0056234133 Balanced 0.3 100 10 100 0.604356 57390.9 63271.3 0.539964 0.528288 0.549474 500
10 0.0056234133 Balanced 0.4 100 10 100 0.53042 63962.5 70787.4 0.511385 0.54327 0.564425 500
10 0.0056234133 Balanced 0.5 100 10 100 0.447166 71352.9 79714.9 0.472372 0.560497 0.581738 500
10 0.0056234133 Balanced 0.6 100 10 100 0.362345 77926.7 87968.3 0.426825 0.574411 0.596282 500
10 0.0056234133 Balanced 0.7 100 10 100 0.278943 84736.1 97450.6 0.341984 0.59269 0.615565 500
10 0.0056234133 Balanced 0.8 100 10 100 0.190636 91453.2 108515 0.238994 0.616627 0.641473 500
10 0.0056234133 Balanced 0.9 100 10 100 0.101472 98575.3 122113 0.17172 0.647162 0.673066 500
10 0.0056234133 DRAND 0.0 100 10 100 0.290535 76497.4 82732.4 0.256284 0.510857 0.545646 500
10 0.0056234133 DRAND 0.1 100 10 100 0.271383 79025.1 86250.8 0.226978 0.525425 0.560912 500
10 0.0056234133 DRAND 0.2 100 10 100 0.24713 82783.2 90450.4 0.199152 0.543233 0.578385 500
10 0.0056234133 DRAND 0.3 100 10 100 0.225273 86772.7 95789.5 0.175077 0.567628 0.602528 500
10 0.0056234133 DRAND 0.4 100 10 100 0.199963 90652.6 101053 0.157151 0.586823 0.620831 500
10 0.0056234133 DRAND 0.5 100 10 100 0.172833 96531.7 109201 0.139542 0.614326 0.647444 500
10 0.0056234133 DRAND 0.6 100 10 100 0.142687 103114 118601 0.130155 0.639437 0.671391 500
10 0.0056234133 DRAND 0.7 100 10 100 0.111908 108672 129906 0.125734 0.660872 0.692405 500
10 0.0056234133 DRAND 0.8 100 10 100 0.0779034 113232 143235 0.136331 0.671025 0.702448 500
10 0.0056234133 DRAND 0.9 100 10 100 0.0442728 108550 158284 0.177767 0.662735 0.69455 500
10 0.0056234133 Lobats 0.0 100 10 100 0.725849 48117.4 50197.6 0.521852 0.494344 0.519042 500
10 0.0056234133 Lobats 0.1 100 10 100 0.666607 53749.4 56243.4 0.501695 0.507021 0.531062 500
10 0.0056234133 Lobats 0.2 100 10 100 0.606474 58674.5 61410.2 0.475475 0.518244 0.542185 500
10 0.0056234133 Lobats 0.3 100 10 100 0.540694 64166.1 67658.9 0.450124 0.529931 0.553835 500
10 0.0056234133 Lobats 0.4 100 10 100 0.472312 69943.7 74053.2 0.418181 0.544074 0.567992 500
10 0.0056234133 Lobats 0.5 100 10 100 0.402859 75591 80728.4 0.377576 0.557921 0.581971 500
10 0.0056234133 Lobats 0.6 100 10 100 0.330186 81585 88692.3 0.318038 0.576843 0.600846 500
10 0.0056234133 Lobats 0.7 100 10 100 0.253382 88379.7 97896.9 0.247191 0.597708 0.62059 500
10 0.0056234133 Lobats 0.8 100 10 100 0.17335 96347.4 111598 0.180829 0.626775 0.646875 500
10 0.0056234133 Lobats 0.9 100 10 100 0.0922892 102422 132076 0.153302 0.6556 0.670657 500
10 0.0056234133 LQF 0.0 100 10 100 0.794711 40130.2 47023.7 0.539818 0.537856 0.558112 500
10 0.0056234133 LQF 0.1 100 10 100 0.724635 46952 54349.1 0.517272 0.55974 0.579355 500
10 0.0056234133 LQF 0.2 100 10 100 0.649977 54913.3 62898.1 0.499959 0.58121 0.600085 500
10 0.0056234133 LQF 0.3 100 10 100 0.577355 62794.1 71510.2 0.468922 0.599507 0.618273 500
10 0.0056234133 LQF 0.4 100 10 100 0.494209 71481 81029 0.445893 0.621064 0.639421 500
10 0.0056234133 LQF 0.5 100 10 100 0.413188 79516.8 90156.7 0.424875 0.639312 0.657557 500
10 0.0056234133 LQF 0.6 100 10 100 0.330839 88820.6 101268 0.398268 0.660081 0.678547 500
10 0.0056234133 LQF 0.7 100 10 100 0.249554 98801.4 113087 0.375955 0.682942 0.701859 500
10 0.0056234133 LQF 0.8 100 10 100 0.165764 108067 124514 0.35614 0.69677 0.715451 500
10 0.0056234133 LQF 0.9 100 10 100 0.0860615 112174 133041 0.354819 0.691256 0.709561 500
10 0.0056234133 Lyui 0.0 100 10 100 0.339703 64801.8 70419.5 0.342153 0.444995 0.476346 500
10 0.0056234133 Lyui 0.1 100 10 100 0.319869 66922.9 73191.9 0.319767 0.455904 0.487602 500
10 0.0056234133 Lyui 0.2 100 10 100 0.297369 68630.1 75560 0.293034 0.464818 0.496939 500
10 0.0056234133 Lyui 0.3 100 10 100 0.275407 71710.1 79590.2 0.270903 0.480867 0.513308 500
10 0.0056234133 Lyui 0.4 100 10 100 0.250439 74094.5 83234.9 0.245262 0.494045 0.526242 500
10 0.0056234133 Lyui 0.5 100 10 100 0.220603 77355.6 88101.9 0.219883 0.510778 0.542731 500
10 0.0056234133 Lyui 0.6 100 10 100 0.188997 81326.5 94410.4 0.192689 0.531344 0.562234 500
10 0.0056234133 Lyui 0.7 100 10 100 0.155521 86653.6 103260 0.171444 0.554799 0.583923 500
10 0.0056234133 Lyui 0.8 100 10 100 0.115428 91952 115498 0.153725 0.583687 0.611174 500
10 0.0056234133 Lyui 0.9 100 10 100 0.0683754 96748 135143 0.159237 0.617288 0.641473 500
10 0.0056234133 Simple 0.0 100 10 100 0.730146 47093.1 48179.4 0.703653 0.491079 0.502492 500
10 0.0056234133 Simple 0.1 100 10 100 0.675504 49594.9 50841.7 0.707027 0.489182 0.500557 500
10 0.0056234133 Simple 0.2 100 10 100 0.608175 53777.7 55197 0.702231 0.495355 0.506391 500
10 0.0056234133 Simple 0.3 100 10 100 0.538801 57490.7 58836.2 0.698784 0.503772 0.514495 500
10 0.0056234133 Simple 0.4 100 10 100 0.46418 61375.5 63009.1 0.693886 0.514479 0.525164 500
10 0.0056234133 Simple 0.5 100 10 100 0.391197 65185.7 66831.3 0.693501 0.527798 0.538597 500
10 0.0056234133 Simple 0.6 100 10 100 0.318636 68834.7 70984.8 0.686634 0.542286 0.553484 500
10 0.0056234133 Simple 0.7 100 10 100 0.24246 71748.2 74253.5 0.665342 0.554308 0.566584 500
10 0.0056234133 Simple 0.8 100 10 100 0.167487 73283.9 76073.1 0.616964 0.56091 0.574734 500
10 0.0056234133 Simple 0.9 100 10 100 0.0900907 72756.9 76291.2 0.503742 0.553197 0.569563 500
10 0.01 Balanced 0.0 100 10 100 0.888182 65107.8 70243.5 0.586133 0.535347 0.551176 500
10 0.01 Balanced 0.1 100 10 100 0.804348 69251.2 74991.3 0.57236 0.54411 0.559828 500
10 0.01 Balanced 0.2 100 10 100 0.7233 72976.4 79415.7 0.551248 0.554173 0.570013 500
10 0.01 Balanced 0.3 100 10 100 0.644462 77000.8 84153.4 0.530544 0.565237 0.581142 500
10 0.01 Balanced 0.4 100 10 100 0.557126 80812.6 89092.6 0.497797 0.577684 0.593878 500
10 0.01 Balanced 0.5 100 10 100 0.471922 85202.6 95055.2 0.448912 0.589411 0.606031 500
10 0.01 Balanced 0.6 100 10 100 0.38327 89189.6 100531 0.389245 0.601007 0.618186 500
10 0.01 Balanced 0.7 100 10 100 0.29436 92909.2 106270 0.312714 0.61645 0.634104 500
10 0.01 Balanced 0.8 100 10 100 0.200836 97665.8 113986 0.241011 0.638186 0.656365 500
10 0.01 Balanced 0.9 100 10 100 0.110519 102441 124627 0.221737 0.646829 0.665501 500
10 0.01 DRAND 0.0 100 10 100 0.349118 89146 97360 0.227135 0.590009 0.614359 500
10 0.01 DRAND 0.1 100 10 100 0.322087 92856.6 102046 0.207455 0.609146 0.632801 500
10 0.01 DRAND 0.2 100 10 100 0.287984 97358.1 107506 0.188936 0.62876 0.651528 500
10 0.01 DRAND 0.3 100 10 100 0.256725 102155 113761 0.174914 0.648355 0.670429 500
10 0.01 DRAND 0.4 100 10 100 0.223477 106368 119916 0.16443 0.660355 0.682266 500
10 0.01 DRAND 0.5 100 10 100 0.190341 110845 127185 0.158594 0.672282 0.694054 500
10 0.01 DRAND 0.6 100 10 100 0.155668 113960 133793 0.161262 0.674327 0.696135 500
10 0.01 DRAND 0.7 100 10 100 0.122187 115501 141241 0.169049 0.671059 0.694261 500
10 0.01 DRAND 0.8 100 10 100 0.0870587 113064 148409 0.196646 0.654012 0.679097 500
10 0.01 DRAND 0.9 100 10 100 0.0541415 96576.3 152208 0.264039 0.609094 0.636351 500
10 0.01 Lobats 0.0 100 10 100 0.810316 70109.3 73622.8 0.473726 0.542823 0.561918 500
10 0.01 Lobats 0.1 100 10 100 0.738998 73545.5 77471.7 0.452055 0.552514 0.571331 500
10 0.01 Lobats 0.2 100 10 100 0.664538 76985.2 81576.1 0.425223 0.56275 0.58158 500
10 0.01 Lobats 0.3 100 10 100 0.586581 80429.5 85741.4 0.400658 0.573413 0.592011 500
10 0.01 Lobats 0.4 100 10 100 0.51233 83914 90492.8 0.367619 0.584456 0.602918 500
10 0.01 Lobats 0.5 100 10 100 0.431554 88423.6 96165.7 0.322247 0.598736 0.616393 500
10 0.01 Lobats 0.6 100 10 100 0.350091 92916.3 102755 0.271979 0.613046 0.6297 500
10 0.01 Lobats 0.7 100 10 100 0.268215 97681 111503 0.22744 0.631015 0.645397 500
10 0.01 Lobats 0.8 100 10 100 0.183797 101503 121727 0.199138 0.642172 0.653544 500
10 0.01 Lobats 0.9 100 10 100 0.10092 99930.8 135307 0.20939 0.638806 0.646511 500
10 0.01 LQF 0.0 100 10 100 0.838245 72859.3 79697.1 0.52511 0.619358 0.633144 500
10 0.01 LQF 0.1 100 10 100 0.755635 78044.5 85401.3 0.510401 0.632125 0.645539 500
10 0.01 LQF 0.2 100 10 100 0.674766 83724.2 91521.6 0.490651 0.644232 0.657772 500
10 0.01 LQF 0.3 100 10 100 0.590129 89426.8 97674.9 0.465845 0.657565 0.670825 500
10 0.01 LQF 0.4 100 10 100 0.506583 94746.2 104142 0.443157 0.669924 0.68366 500
10 0.01 LQF 0.5 100 10 100 0.422948 101109 111264 0.426818 0.683795 0.697787 500
10 0.01 LQF 0.6 100 10 100 0.336052 107345 118754 0.413145 0.695202 0.709104 500
10 0.01 LQF 0.7 100 10 100 0.252384 113592 126717 0.397553 0.706086 0.720171 500
10 0.01 LQF 0.8 100 10 100 0.171116 116190 131371 0.397695 0.697942 0.712038 500
10 0.01 LQF 0.9 100 10 100 0.0940156 109822 128680 0.425005 0.651708 0.665721 500
10 0.01 Lyui 0.0 100 10 100 0.436347 71406.1 78435.4 0.339832 0.48252 0.505844 500
10 0.01 Lyui 0.1 100 10 100 0.408092 73828.9 81667.2 0.319364 0.495129 0.518322 500
10 0.01 Lyui 0.2 100 10 100 0.376643 76022.7 84538.3 0.297675 0.504764 0.52758 500
10 0.01 Lyui 0.3 100 10 100 0.342423 78555.5 88219.1 0.278205 0.517463 0.539512 500
10 0.01 Lyui 0.4 100 10 100 0.308034 81656.7 92645.1 0.258874 0.533687 0.555232 500
10 0.01 Lyui 0.5 100 10 100 0.269425 84855.2 97605.9 0.236544 0.549158 0.569904 500
10 0.01 Lyui 0.6 100 10 100 0.229094 89129.1 104472 0.217767 0.566385 0.586324 500
10 0.01 Lyui 0.7 100 10 100 0.182854 92750.5 112476 0.202399 0.582921 0.601725 500
10 0.01 Lyui 0.8 100 10 100 0.135923 96127.8 122494 0.196535 0.59652 0.614046 500
10 0.01 Lyui 0.9 100 10 100 0.0814024 95806.1 137185 0.222583 0.605511 0.622871 500
10 0.01 Simple 0.0 100 10 100 0.782837 63008.6 64395.2 0.700805 0.519089 0.527949 500
10 0.01 Simple 0.1 100 10 100 0.714855 64643.2 66334.1 0.695519 0.522989 0.532106 500
10 0.01 Simple 0.2 100 10 100 0.643953 66917.9 68344.6 0.693839 0.533086 0.542227 500
10 0.01 Simple 0.3 100 10 100 0.565776 68747.3 70473.1 0.692227 0.541532 0.550941 500
10 0.01 Simple 0.4 100 10 100 0.490606 70353.5 72278.8 0.682927 0.549127 0.558956 500
10 0.01 Simple 0.5 100 10 100 0.412605 72363.4 74432.6 0.68059 0.555332 0.565591 500
10 0.01 Simple 0.6 100 10 100 0.334734 73190.3 75420 0.660882 0.559446 0.570453 500
10 0.01 Simple 0.7 100 10 100 0.25919 73983 76566.9 0.646017 0.561964 0.574004 500
10 0.01 Simple 0.8 100 10 100 0.179749 72337.2 75043.5 0.603283 0.550589 0.563962 500
10 0.01 Simple 0.9 100 10 100 0.100137 67136.3 70239 0.515564 0.514271 0.529547 500
10 0.0177827941 Balanced 0.0 100 10 100 0.93068 81678.9 87975.7 0.573584 0.573038 0.585097 500
10 0.0177827941 Balanced 0.1 100 10 100 0.84667 84493 91462 0.556934 0.580667 0.592647 500
10 0.0177827941 Balanced 0.2 100 10 100 0.760445 86294.8 93982.6 0.540376 0.586414 0.598615 500
10 0.0177827941 Balanced 0.3 100 10 100 0.669912 89165.7 97697.6 0.508773 0.595004 0.607237 500
10 0.0177827941 Balanced 0.4 100 10 100 0.579169 90571.7 100189 0.470209 0.600615 0.613132 500
10 0.0177827941 Balanced 0.5 100 10 100 0.488808 92721.1 102962 0.424032 0.610235 0.622984 500
10 0.0177827941 Balanced 0.6 100 10 100 0.39913 94750.8 105863 0.368672 0.621455 0.634581 500
10 0.0177827941 Balanced 0.7 100 10 100 0.307525 99395.7 111847 0.310802 0.642208 0.654958 500
10 0.0177827941 Balanced 0.8 100 10 100 0.216908 103702 118532 0.272753 0.650201 0.663409 500
10 0.0177827941 Balanced 0.9 100 10 100 0.125534 101005 124041 0.293248 0.606209 0.621672 500
10 0.0177827941 DRAND 0.0 100 10 100 0.379664 108126 119220 0.216423 0.675946 0.689972 500
10 0.0177827941 DRAND 0.1 100 10 100 0.346558 110636 122770 0.207064 0.679883 0.694416 500
10 0.0177827941 DRAND 0.2 100 10 100 0.311299 113046 126514 0.199828 0.682679 0.697061 500
10 0.0177827941 DRAND 0.3 100 10 100 0.276216 115107 130591 0.196662 0.681385 0.696121 500
10 0.0177827941 DRAND 0.4 100 10 100 0.241131 116681 134177 0.194818 0.678156 0.693778 500
10 0.0177827941 DRAND 0.5 100 10 100 0.208622 117034 137380 0.20093 0.670016 0.686597 500
10 0.0177827941 DRAND 0.6 100 10 100 0.172293 116555 141103 0.21173 0.65805 0.675937 500
10 0.0177827941 DRAND 0.7 100 10 100 0.138377 111533 142748 0.238878 0.632902 0.65265 500
10 0.0177827941 DRAND 0.8 100 10 100 0.103365 101594 142603 0.283682 0.594535 0.616388 500
10 0.0177827941 DRAND 0.9 100 10 100 0.0693554 77163.7 137463 0.373434 0.527609 0.551467 500
10 0.0177827941 Lobats 0.0 100 10 100 0.863798 84811.6 90018.6 0.433346 0.586039 0.59994 500
10 0.0177827941 Lobats 0.1 100 10 100 0.783055 87344.8 93323.8 0.405452 0.594792 0.608278 500
10 0.0177827941 Lobats 0.2 100 10 100 0.701144 89932.6 96682.1 0.382491 0.60204 0.615076 500
10 0.0177827941 Lobats 0.3 100 10 100 0.620176 92626.1 100429 0.357863 0.611877 0.624598 500
10 0.0177827941 Lobats 0.4 100 10 100 0.532372 95343.3 104519 0.324828 0.622148 0.633471 500
10 0.0177827941 Lobats 0.5 100 10 100 0.45033 98616.8 109697 0.293383 0.632297 0.642625 500
10 0.0177827941 Lobats 0.6 100 10 100 0.365987 100849 114510 0.267675 0.637101 0.645644 500
10 0.0177827941 Lobats 0.7 100 10 100 0.28108 103049 120762 0.247279 0.63996 0.646762 500
10 0.0177827941 Lobats 0.8 100 10 100 0.196387 101012 125838 0.249971 0.626514 0.630979 500
10 0.0177827941 Lobats 0.9 100 10 100 0.114273 89951.9 129735 0.298284 0.588083 0.590919 500
10 0.0177827941 LQF 0.0 100 10 100 0.853053 96785.5 103526 0.50643 0.67203 0.682372 500
10 0.0177827941 LQF 0.1 100 10 100 0.768926 100541 107637 0.491444 0.679662 0.690113 500
10 0.0177827941 LQF 0.2 100 10 100 0.682927 104074 111766 0.474973 0.688034 0.698311 500
10 0.0177827941 LQF 0.3 100 10 100 0.599108 108111 116545 0.462346 0.696332 0.706855 500
10 0.0177827941 LQF 0.4 100 10 100 0.515341 112189 121562 0.446229 0.703894 0.714743 500
10 0.0177827941 LQF 0.5 100 10 100 0.431759 114992 125174 0.437759 0.704883 0.715968 500
10 0.0177827941 LQF 0.6 100 10 100 0.346607 117895 129323 0.430222 0.704902 0.716195 500
10 0.0177827941 LQF 0.7 100 10 100 0.26601 119250 132154 0.431001 0.695636 0.707097 500
10 0.0177827941 LQF 0.8 100 10 100 0.186743 115403 130393 0.460085 0.663896 0.675884 500
10 0.0177827941 LQF 0.9 100 10 100 0.109254 99839.5 116055 0.511241 0.576888 0.588806 500
10 0.0177827941 Lyui 0.0 100 10 100 0.531265 81049.6 89851.5 0.343588 0.530973 0.545835 500
10 0.0177827941 Lyui 0.1 100 10 100 0.492592 82882.4 92450.5 0.330446 0.539861 0.554238 500
10 0.0177827941 Lyui 0.2 100 10 100 0.449737 85481 95965.5 0.313702 0.549187 0.562968 500
10 0.0177827941 Lyui 0.3 100 10 100 0.407417 87681.8 99364.7 0.297358 0.559201 0.572822 500
10 0.0177827941 Lyui 0.4 100 10 100 0.361848 90617.3 103779 0.281261 0.569661 0.582459 500
10 0.0177827941 Lyui 0.5 100 10 100 0.31671 92523.4 108153 0.267067 0.577782 0.590149 500
10 0.0177827941 Lyui 0.6 100 10 100 0.266672 94974 113084 0.255703 0.584243 0.59599 500
10 0.0177827941 Lyui 0.7 100 10 100 0.214273 97063.8 119699 0.247462 0.591513 0.60314 500
10 0.0177827941 Lyui 0.8 100 10 100 0.158555 96286.9 125994 0.257898 0.586306 0.598324 500
10 0.0177827941 Lyui 0.9 100 10 100 0.0979751 89230.3 133042 0.307792 0.565985 0.579633 500
10 0.0177827941 Simple 0.0 100 10 100 0.824483 71548.1 73244.1 0.67398 0.549109 0.557256 500
10 0.0177827941 Simple 0.1 100 10 100 0.750385 71500 73421 0.677559 0.553583 0.562208 500
10 0.0177827941 Simple 0.2 100 10 100 0.674587 72921.1 74797.2 0.67365 0.55692 0.56564 500
10 0.0177827941 Simple 0.3 100 10 100 0.592537 73126.1 75175.7 0.675406 0.558377 0.567562 500
10 0.0177827941 Simple 0.4 100 10 100 0.514689 74095.1 76237.2 0.675436 0.561916 0.571539 500
10 0.0177827941 Simple 0.5 100 10 100 0.43496 73379.9 75236.3 0.669304 0.559186 0.569419 500
10 0.0177827941 Simple 0.6 100 10 100 0.355004 72429.3 74570.8 0.663232 0.558466 0.569517 500
10 0.0177827941 Simple 0.7 100 10 100 0.278876 70842.8 73228.7 0.638973 0.547156 0.559129 500
10 0.0177827941 Simple 0.8 100 10 100 0.196321 67024.8 69683.4 0.60423 0.519923 0.532936 500
10 0.0177827941 Simple 0.9 100 10 100 0.116616 57669.4 61262.6 0.555501 0.458055 0.472012 500
10 0.0316227766 Balanced 0.0 100 10 100 0.972088 91118.4 98790 0.558708 0.598076 0.607397 500
10 0.0316227766 Balanced 0.1 100 10 100 0.882893 92151.7 100223 0.541485 0.603803 0.613158 500
10 0.0316227766 Balanced 0.2 100 10 100 0.791174 93482.3 101796 0.515804 0.609767 0.619071 500
10 0.0316227766 Balanced 0.3 100 10 100 0.701578 94362 103105 0.490006 0.615766 0.625259 500
10 0.0316227766 Balanced 0.4 100 10 100 0.609182 96602.5 105551 0.452969 0.629607 0.639452 500
10 0.0316227766 Balanced 0.5 100 10 100 0.519444 100156 109553 0.404427 0.644673 0.65417 500
10 0.0316227766 Balanced 0.6 100 10 100 0.428524 103175 113599 0.363792 0.650797 0.66058 500
10 0.0316227766 Balanced 0.7 100 10 100 0.335092 104457 116679 0.332727 0.643473 0.653893 500
10 0.0316227766 Balanced 0.8 100 10 100 0.245624 103305 119390 0.327676 0.611447 0.623061 500
10 0.0316227766 Balanced 0.9 100 10 100 0.152806 88807.7 113206 0.392863 0.522964 0.537715 500
10 0.0316227766 DRAND 0.0 100 10 100 0.4086 117392 132524 0.235109 0.678396 0.689664 500
10 0.0316227766 DRAND 0.1 100 10 100 0.371706 117947 134180 0.234143 0.672691 0.684608 500
10 0.0316227766 DRAND 0.2 100 10 100 0.337064 118116 135815 0.236993 0.664329 0.676916 500
10 0.0316227766 DRAND 0.3 100 10 100 0.304395 116834 136823 0.241023 0.655029 0.668664 500
10 0.0316227766 DRAND 0.4 100 10 100 0.271264 114737 137314 0.252076 0.63984 0.65424 500
10 0.0316227766 DRAND 0.5 100 10 100 0.235717 111241 137546 0.267891 0.620767 0.636745 500
10 0.0316227766 DRAND 0.6 100 10 100 0.201537 106250 136650 0.291208 0.596765 0.613869 500
10 0.0316227766 DRAND 0.7 100 10 100 0.167447 98265 134808 0.327673 0.564455 0.582786 500
10 0.0316227766 DRAND 0.8 100 10 100 0.131607 83338.2 129476 0.386312 0.515225 0.535464 500
10 0.0316227766 DRAND 0.9 100 10 100 0.097265 57097.3 117601 0.487233 0.436805 0.458051 500
10 0.0316227766 Lobats 0.0 100 10 100 0.892502 97078.4 104780 0.386828 0.626623 0.634747 500
10 0.0316227766 Lobats 0.1 100 10 100 0.812333 98158.5 106859 0.372861 0.62977 0.637454 500
10 0.0316227766 Lobats 0.2 100 10 100 0.724127 100544 110369 0.348101 0.635894 0.643112 500
10 0.0316227766 Lobats 0.3 100 10 100 0.640914 101437 112483 0.335342 0.636668 0.643029 500
10 0.0316227766 Lobats 0.4 100 10 100 0.557406 103532 116252 0.317427 0.641192 0.646742 500
10 0.0316227766 Lobats 0.5 100 10 100 0.471131 103603 118695 0.304764 0.636703 0.641123 500
10 0.0316227766 Lobats 0.6 100 10 100 0.38757 102889 121028 0.301766 0.627857 0.631083 500
10 0.0316227766 Lobats 0.7 100 10 100 0.304652 100067 122798 0.303044 0.613143 0.615255 500
10 0.0316227766 Lobats 0.8 100 10 100 0.222662 93734 123429 0.325668 0.586171 0.587263 500
10 0.0316227766 Lobats 0.9 100 10 100 0.139898 78111.2 118962 0.401615 0.518623 0.52217 500
10 0.0316227766 LQF 0.0 100 10 100 0.872518 113929 121127 0.482517 0.705996 0.71461 500
10 0.0316227766 LQF 0.1 100 10 100 0.782626 115992 123612 0.473253 0.706382 0.715291 500
10 0.0316227766 LQF 0.2 100 10 100 0.702299 117898 126045 0.462367 0.707353 0.716528 500
10 0.0316227766 LQF 0.3 100 10 100 0.622668 119572 128380 0.45454 0.706524 0.716022 500
10 0.0316227766 LQF 0.4 100 10 100 0.534567 120835 130308 0.447128 0.701339 0.711011 500
10 0.0316227766 LQF 0.5 100 10 100 0.453602 121004 131646 0.448834 0.692673 0.702695 500
10 0.0316227766 LQF 0.6 100 10 100 0.36969 120118 131794 0.457097 0.678752 0.689076 500
10 0.0316227766 LQF 0.7 100 10 100 0.290378 116068 128815 0.485293 0.648031 0.658341 500
10 0.0316227766 LQF 0.8 100 10 100 0.212895 104980 120504 0.532425 0.596139 0.606676 500
10 0.0316227766 LQF 0.9 100 10 100 0.137908 82296.6 97916 0.604813 0.479425 0.48998 500
10 0.0316227766 Lyui 0.0 100 10 100 0.613482 90628.6 101775 0.356321 0.566727 0.575077 500
10 0.0316227766 Lyui 0.1 100 10 100 0.568603 92056.4 104455 0.342946 0.573681 0.581982 500
10 0.0316227766 Lyui 0.2 100 10 100 0.522477 93590.2 107170 0.330978 0.579066 0.58719 500
10 0.0316227766 Lyui 0.3 100 10 100 0.469913 94908.5 109561 0.321963 0.579736 0.587711 500
10 0.0316227766 Lyui 0.4 100 10 100 0.421186 95811 112199 0.315666 0.581814 0.589558 500
10 0.0316227766 Lyui 0.5 100 10 100 0.366797 96485.4 115201 0.307122 0.581707 0.589701 500
10 0.0316227766 Lyui 0.6 100 10 100 0.309152 97411.6 119169 0.302456 0.583182 0.591069 500
10 0.0316227766 Lyui 0.7 100 10 100 0.252458 96646.5 122803 0.307989 0.576963 0.585469 500
10 0.0316227766 Lyui 0.8 100 10 100 0.190256 92208.1 124654 0.332998 0.556502 0.565994 500
10 0.0316227766 Lyui 0.9 100 10 100 0.125771 76022.5 122214 0.412866 0.497478 0.510864 500
10 0.0316227766 Simple 0.0 100 10 100 0.870063 73675.5 75633.3 0.662557 0.560591 0.568882 500
10 0.0316227766 Simple 0.1 100 10 100 0.791743 73129.2 75248.3 0.663475 0.559336 0.568127 500
10 0.0316227766 Simple 0.2 100 10 100 0.710184 72614.9 74537 0.667914 0.556668 0.56589 500
10 0.0316227766 Simple 0.3 100 10 100 0.628472 72345.2 74113.2 0.666799 0.555944 0.5656 500
10 0.0316227766 Simple 0.4 100 10 100 0.545812 71065.7 73241.4 0.667957 0.55357 0.563782 500
10 0.0316227766 Simple 0.5 100 10 100 0.465968 69897.7 72059.8 0.656871 0.547734 0.558369 500
10 0.0316227766 Simple 0.6 100 10 100 0.385146 68272.5 70713.5 0.652884 0.536072 0.547175 500
10 0.0316227766 Simple 0.7 100 10 100 0.304918 64783.1 67156.2 0.641382 0.510651 0.52228 500
10 0.0316227766 Simple 0.8 100 10 100 0.225222 59279.3 61971.5 0.620315 0.468355 0.480564 500
10 0.0316227766 Simple 0.9 100 10 100 0.141493 48260.3 51879.6 0.621653 0.385414 0.397784 500
10 0.0562341325 Balanced 0.0 100 10 100 1.02053 96741.9 103954 0.540248 0.631862 0.639439 500
10 0.0562341325 Balanced 0.1 100 10 100 0.93163 98795.7 106178 0.516845 0.639671 0.647313 500
10 0.0562341325 Balanced 0.2 100 10 100 0.839944 101043 108650 0.488051 0.648877 0.656334 500
10 0.0562341325 Balanced 0.3 100 10 100 0.749334 103322 111295 0.457597 0.651498 0.65928 500
10 0.0562341325 Balanced 0.4 100 10 100 0.658292 104661 113357 0.427768 0.648916 0.656758 500
10 0.0562341325 Balanced 0.5 100 10 100 0.569645 105907 115743 0.397783 0.640509 0.649104 500
10 0.0562341325 Balanced 0.6 100 10 100 0.478265 105457 117121 0.380185 0.622431 0.631632 500
10 0.0562341325 Balanced 0.7 100 10 100 0.385817 102056 115867 0.379327 0.58949 0.600103 500
10 0.0562341325 Balanced 0.8 100 10 100 0.294369 92132.1 110599 0.410992 0.530965 0.543282 500
10 0.0562341325 Balanced 0.9 100 10 100 0.202418 70529.3 96223.5 0.506151 0.42301 0.437801 500
10 0.0562341325 DRAND 0.0 100 10 100 0.456654 113960 134416 0.283836 0.6307 0.642513 500
10 0.0562341325 DRAND 0.1 100 10 100 0.425687 112529 134173 0.290131 0.62 0.632276 500
10 0.0562341325 DRAND 0.2 100 10 100 0.389084 109804 133651 0.299238 0.60628 0.619507 500
10 0.0562341325 DRAND 0.3 100 10 100 0.3565 106495 132331 0.31354 0.589633 0.603613 500
10 0.0562341325 DRAND 0.4 100 10 100 0.317596 102025 130986 0.332809 0.569586 0.584432 500
10 0.0562341325 DRAND 0.5 100 10 100 0.284985 95997.9 128398 0.357603 0.544894 0.560515 500
10 0.0562341325 DRAND 0.6 100 10 100 0.250485 87733.4 124880 0.390694 0.514874 0.531638 500
10 0.0562341325 DRAND 0.7 100 10 100 0.214339 77538 120369 0.431199 0.47962 0.497285 500
10 0.0562341325 DRAND 0.8 100 10 100 0.181372 62112.4 111797 0.495755 0.426726 0.44516 500
10 0.0562341325 DRAND 0.9 100 10 100 0.147601 38572.8 96097.2 0.597413 0.346024 0.364801 500
10 0.0562341325 Lobats 0.0 100 10 100 0.929787 104531 116083 0.368289 0.639718 0.644195 500
10 0.0562341325 Lobats 0.1 100 10 100 0.847717 104466 117028 0.3623 0.637266 0.641009 500
10 0.0562341325 Lobats 0.2 100 10 100 0.765249 104697 118424 0.356542 0.634202 0.637435 500
10 0.0562341325 Lobats 0.3 100 10 100 0.679093 104006 119431 0.350448 0.627432 0.6303 500
10 0.0562341325 Lobats 0.4 100 10 100 0.595754 102695 120161 0.350078 0.619232 0.621387 500
10 0.0562341325 Lobats 0.5 100 10 100 0.511049 101019 120979 0.349557 0.608406 0.609782 500
10 0.0562341325 Lobats 0.6 100 10 100 0.430986 98024.9 120855 0.357727 0.591545 0.592397 500
10 0.0562341325 Lobats 0.7 100 10 100 0.349587 92793.2 119974 0.376003 0.565867 0.567199 500
10 0.0562341325 Lobats 0.8 100 10 100 0.268511 83553.6 116446 0.415559 0.52066 0.524054 500
10 0.0562341325 Lobats 0.9 100 10 100 0.189162 62844.3 104372 0.508396 0.429984 0.438256 500
10 0.0562341325 LQF 0.0 100 10 100 0.911493 121906 130069 0.458875 0.699975 0.70866 500
10 0.0562341325 LQF 0.1 100 10 100 0.825093 122238 131073 0.457047 0.695018 0.703878 500
10 0.0562341325 LQF 0.2 100 10 100 0.743119 122102 131426 0.457528 0.688009 0.69726 500
10 0.0562341325 LQF 0.3 100 10 100 0.661921 121195 131352 0.45534 0.677577 0.687018 500
10 0.0562341325 LQF 0.4 100 10 100 0.577047 119489 130440 0.462416 0.66346 0.673146 500
10 0.0562341325 LQF 0.5 100 10 100 0.496814 116569 128184 0.480641 0.642358 0.652121 500
10 0.0562341325 LQF 0.6 100 10 100 0.415764 111915 124786 0.502814 0.616983 0.62682 500
10 0.0562341325 LQF 0.7 100 10 100 0.338017 103270 117237 0.544546 0.57377 0.583448 500
10 0.0562341325 LQF 0.8 100 10 100 0.261247 88534.6 103116 0.609882 0.500871 0.510689 500
10 0.0562341325 LQF 0.9 100 10 100 0.186187 62208.2 76511.4 0.690709 0.369068 0.379017 500
10 0.0562341325 Lyui 0.0 100 10 100 0.712033 96071.4 110802 0.37159 0.580053 0.585502 500
10 0.0562341325 Lyui 0.1 100 10 100 0.660678 96864.3 112383 0.365461 0.579517 0.585 500
10 0.0562341325 Lyui 0.2 100 10 100 0.601673 97543.8 114566 0.358589 0.580872 0.586283 500
10 0.0562341325 Lyui 0.3 100 10 100 0.54397 97308.1 115675 0.354214 0.577493 0.58262 500
10 0.0562341325 Lyui 0.4 100 10 100 0.489666 96366.1 116788 0.356051 0.5709 0.576556 500
10 0.0562341325 Lyui 0.5 100 10 100 0.427764 95743.6 119064 0.354953 0.566658 0.572802 500
10 0.0562341325 Lyui 0.6 100 10 100 0.36735 93790.9 119552 0.363949 0.554649 0.561084 500
10 0.0562341325 Lyui 0.7 100 10 100 0.302825 89131.9 119592 0.382467 0.534698 0.542203 500
10 0.0562341325 Lyui 0.8 100 10 100 0.241355 79537.3 117071 0.426102 0.495626 0.505524 500
10 0.0562341325 Lyui 0.9 100 10 100 0.17707 57368.7 105159 0.520767 0.411842 0.425267 500
10 0.0562341325 Simple 0.0 100 10 100 0.922482 69687.4 71674.7 0.66288 0.549672 0.558979 500
10 0.0562341325 Simple 0.1 100 10 100 0.836478 69538.6 71663.8 0.662704 0.554781 0.564266 500
10 0.0562341325 Simple 0.2 100 10 100 0.75554 69757.5 71716.9 0.665736 0.551697 0.561204 500
10 0.0562341325 Simple 0.3 100 10 100 0.677467 69179.7 71384.2 0.66497 0.543488 0.553268 500
10 0.0562341325 Simple 0.4 100 10 100 0.593509 67361 69505.5 0.664369 0.528385 0.538433 500
10 0.0562341325 Simple 0.5 100 10 100 0.513219 64198.2 66513 0.661651 0.511522 0.521921 500
10 0.0562341325 Simple 0.6 100 10 100 0.431386 62052.1 64417.7 0.661412 0.489178 0.499892 500
10 0.0562341325 Simple 0.7 100 10 100 0.349941 57166.3 59854.3 0.66062 0.454863 0.465717 500
10 0.0562341325 Simple 0.8 100 10 100 0.269515 51426.8 54622.1 0.662332 0.401813 0.412695 500
10 0.0562341325 Simple 0.9 100 10 100 0.18719 42499 46192.2 0.703998 0.308092 0.318817 500
10 0.1 Balanced 0.0 100 10 100 1.11142 106062 113743 0.483575 0.647897 0.654649 500
10 0.1 Balanced 0.1 100 10 100 1.02156 106572 114963 0.462574 0.642047 0.649302 500
10 0.1 Balanced 0.2 100 10 100 0.930408 106547 115634 0.447502 0.632905 0.640456 500
10 0.1 Balanced 0.3 100 10 100 0.839602 105384 115334 0.433842 0.619466 0.62767 500
10 0.1 Balanced 0.4 100 10 100 0.748112 104191 115246 0.422558 0.602203 0.6109 500
10 0.1 Balanced 0.5 100 10 100 0.653711 101700 114203 0.418532 0.579879 0.589317 500
10 0.1 Balanced 0.6 100 10 100 0.564647 96649.5 110906 0.427287 0.54673 0.557228 500
10 0.1 Balanced 0.7 100 10 100 0.471517 88794 105728 0.452405 0.501981 0.513638 500
10 0.1 Balanced 0.8 100 10 100 0.384289 74390.8 95452.9 0.509537 0.432573 0.445583 500
10 0.1 Balanced 0.9 100 10 100 0.290593 50085.4 76713.6 0.619746 0.322958 0.337308 500
10 0.1 DRAND 0.0 100 10 100 0.544509 100262 127251 0.356422 0.556595 0.569781 500
10 0.1 DRAND 0.1 100 10 100 0.510523 97293.1 126129 0.369521 0.543132 0.556761 500
10 0.1 DRAND 0.2 100 10 100 0.475722 92490.3 123440 0.38812 0.524187 0.538219 500
10 0.1 DRAND 0.3 100 10 100 0.440198 88385.9 121526 0.404165 0.508177 0.52284 500
10 0.1 DRAND 0.4 100 10 100 0.409221 82245.2 118180 0.428689 0.485279 0.500496 500
10 0.1 DRAND 0.5 100 10 100 0.375297 75433 114604 0.456673 0.460403 0.476475 500
10 0.1 DRAND 0.6 100 10 100 0.337225 67254.8 109800 0.493765 0.429595 0.446144 500
10 0.1 DRAND 0.7 100 10 100 0.301947 56195.1 102781 0.538633 0.391263 0.408307 500
10 0.1 DRAND 0.8 100 10 100 0.268762 42347.8 92851.5 0.599924 0.341139 0.35856 500
10 0.1 DRAND 0.9 100 10 100 0.234306 24570.3 76871.1 0.688383 0.269675 0.28648 500
10 0.1 Lobats 0.0 100 10 100 1.0081 105324 121223 0.376865 0.621859 0.624472 500
10 0.1 Lobats 0.1 100 10 100 0.922009 103981 121187 0.377336 0.614091 0.616324 500
10 0.1 Lobats 0.2 100 10 100 0.842832 102813 121407 0.378455 0.6063 0.608315 500
10 0.1 Lobats 0.3 100 10 100 0.759721 100928 121285 0.381004 0.59529 0.597424 500
10 0.1 Lobats 0.4 100 10 100 0.679667 98215.9 120423 0.388356 0.57967 0.581754 500
10 0.1 Lobats 0.5 100 10 100 0.594955 94283.2 119107 0.400998 0.55874 0.561612 500
10 0.1 Lobats 0.6 100 10 100 0.516329 89286.6 117124 0.418161 0.533307 0.537325 500
10 0.1 Lobats 0.7 100 10 100 0.437265 80712 112094 0.45218 0.493636 0.498959 500
10 0.1 Lobats 0.8 100 10 100 0.356722 67961.2 103962 0.506762 0.435413 0.443592 500
10 0.1 Lobats 0.9 100 10 100 0.277513 45223.5 86613 0.611595 0.33662 0.348405 500
10 0.1 LQF 0.0 100 10 100 0.989111 119838 130003 0.454076 0.658027 0.667297 500
10 0.1 LQF 0.1 100 10 100 0.90369 118358 129210 0.458849 0.648716 0.658196 500
10 0.1 LQF 0.2 100 10 100 0.824537 116195 127470 0.467493 0.63286 0.642417 500
10 0.1 LQF 0.3 100 10 100 0.736865 112848 124980 0.48077 0.615512 0.625135 500
10 0.1 LQF 0.4 100 10 100 0.661199 108709 121908 0.500205 0.595353 0.605033 500
10 0.1 LQF 0.5 100 10 100 0.57891 102406 116346 0.528432 0.563862 0.573668 500
10 0.1 LQF 0.6 100 10 100 0.500666 94409.8 109503 0.564355 0.526543 0.536376 500
10 0.1 LQF 0.7 100 10 100 0.423052 83205.2 98466.2 0.617856 0.471387 0.480997 500
10 0.1 LQF 0.8 100 10 100 0.347759 67504.9 82312.7 0.685547 0.392196 0.401831 500
10 0.1 LQF 0.9 100 10 100 0.273767 43210.4 55357 0.768633 0.262536 0.272489 500
10 0.1 Lyui 0.0 100 10 100 0.832243 96452.8 115298 0.396751 0.566825 0.570897 500
10 0.1 Lyui 0.1 100 10 100 0.767945 96218.9 116358 0.393187 0.563994 0.568401 500
10 0.1 Lyui 0.2 100 10 100 0.710609 94810.3 116421 0.395864 0.556388 0.560846 500
10 0.1 Lyui 0.3 100 10 100 0.647827 93838.8 117029 0.397407 0.549468 0.554524 500
10 0.1 Lyui 0.4 100 10 100 0.582907 91032.1 116470 0.4068 0.537341 0.542506 500
10 0.1 Lyui 0.5 100 10 100 0.522177 87819.7 115613 0.419797 0.521258 0.527128 500
10 0.1 Lyui 0.6 100 10 100 0.458896 82603.5 114088 0.43699 0.499739 0.506892 500
10 0.1 Lyui 0.7 100 10 100 0.394293 74733.6 109996 0.47026 0.465842 0.474535 500
10 0.1 Lyui 0.8 100 10 100 0.328485 61185.3 102474 0.525583 0.41199 0.423201 500
10 0.1 Lyui 0.9 100 10 100 0.265237 39599.6 86742.3 0.625523 0.324013 0.338183 500
10 0.1 Simple 0.0 100 10 100 0.99423 66938.9 69090.9 0.669528 0.527358 0.536576 500
10 0.1 Simple 0.1 100 10 100 0.915997 66015 68191 0.67029 0.520829 0.530189 500
10 0.1 Simple 0.2 100 10 100 0.832878 65131.1 67379.9 0.670465 0.511389 0.520813 500
10 0.1 Simple 0.3 100 10 100 0.752914 63734.6 66243.3 0.675227 0.502016 0.511566 500
10 0.1 Simple 0.4 100 10 100 0.672449 61183.9 63685.5 0.676564 0.479071 0.488894 500
10 0.1 Simple 0.5 100 10 100 0.590892 59394.5 62142.1 0.680635 0.460799 0.470606 500
10 0.1 Simple 0.6 100 10 100 0.509605 56678.8 59503.9 0.682155 0.431892 0.441747 500
10 0.1 Simple 0.7 100 10 100 0.42956 52846.8 55542.4 0.692511 0.390233 0.400158 500
10 0.1 Simple 0.8 100 10 100 0.351477 47983.1 51300 0.712243 0.333953 0.344125 500
10 0.1 Simple 0.9 100 10 100 0.276578 36798.9 40968.8 0.770949 0.227773 0.238236 500
