100 10 10 10 1 DRAND 9760.19 1 9760.19 9760.19 500
100 10 10 10 1 Lobats 1107.27 1 1107.27 1107.27 500
100 10 10 10 1 LocalVoting 495 1 495 495 500
100 10 10 10 1 LQF 495 1 495 495 500
100 10 10 10 1 Lyui 10624.9 1 10624.9 10624.9 495
100 10 10 10 1 Simple 498.96 1 498.96 498.96 500
100 10 20 10 1 DRAND 9867.06 1 9867.06 9867.06 500
100 10 20 10 1 Lobats 1184.44 1 1184.44 1184.44 500
100 10 20 10 1 LocalVoting 496.54 1 496.54 496.54 500
100 10 20 10 1 LQF 495.246 1 495.246 495.246 500
100 10 20 10 1 Lyui 11141.5 1 11141.5 11141.5 496
100 10 20 10 1 Simple 516.012 1 516.012 516.012 500
100 10 50 10 1 DRAND 8247.84 1 8247.84 8247.84 500
100 10 50 10 1 Lobats 989.144 1 989.144 989.144 500
100 10 50 10 1 LocalVoting 504.998 1 504.998 504.998 500
100 10 50 10 1 LQF 496.24 1 496.24 496.24 500
100 10 50 10 1 Lyui 9474.17 1 9474.17 9474.17 491
100 10 50 10 1 Simple 543.596 1 543.596 543.596 500
100 10 100 10 1 DRAND 5975.06 1 5975.06 5975.06 500
100 10 100 10 1 Lobats 917.364 1 917.364 917.364 500
100 10 100 10 1 LocalVoting 525.866 1 525.866 525.866 500
100 10 100 10 1 LQF 498.072 1 498.072 498.072 500
100 10 100 10 1 Lyui 6096.82 1 6096.82 6096.82 493
100 10 100 10 1 Simple 586.854 1 586.854 586.854 500
100 10 200 10 1 DRAND 3763.57 1 3763.57 3763.57 500
100 10 200 10 1 Lobats 1020.84 1 1020.84 1020.84 499
100 10 200 10 1 LocalVoting 567.526 1 567.526 567.526 500
100 10 200 10 1 LQF 502.04 1 502.04 502.04 500
100 10 200 10 1 Lyui 4017.61 1 4017.61 4017.61 473
100 10 200 10 1 Simple 644.388 1 644.388 644.388 500
100 10 10 10 2 DRAND 9885.81 0.990088 10006.2 9765.44 500
100 10 10 10 2 Lobats 1134.89 0.99682 1145.65 1124.13 500
100 10 10 10 2 LocalVoting 495.991 0.999999 496.486 495.496 500
100 10 10 10 2 LQF 495.495 0.999999 495.99 495 500
100 10 10 10 2 Lyui 10955.1 0.948079 12359.6 9550.6 491
100 10 10 10 2 Simple 496.06 0.999999 496.602 495.518 500
100 10 20 10 2 DRAND 10266.6 0.989551 10420.6 10112.6 500
100 10 20 10 2 Lobats 1248.05 0.989784 1329.77 1166.32 500
100 10 20 10 2 LocalVoting 497.655 0.999984 499.214 496.096 500
100 10 20 10 2 LQF 495.821 0.999998 496.432 495.21 500
100 10 20 10 2 Lyui 11354.4 0.954941 12720.5 9988.15 488
100 10 20 10 2 Simple 501.446 0.999528 505.618 497.274 500
100 10 50 10 2 DRAND 8927.89 0.993314 9069.56 8786.22 500
100 10 50 10 2 Lobats 1082.32 0.970709 1226.14 938.496 500
100 10 50 10 2 LocalVoting 513.478 0.999843 518.23 508.726 500
100 10 50 10 2 LQF 505.183 0.999995 506.116 504.25 500
100 10 50 10 2 Lyui 9680.92 0.92078 11709 7652.88 484
100 10 50 10 2 Simple 556.695 0.994035 587.256 526.134 500
100 10 100 10 2 DRAND 7115.24 0.986702 7356.1 6874.39 500
100 10 100 10 2 Lobats 1072.04 0.96131 1243.68 900.396 500
100 10 100 10 2 LocalVoting 556.392 0.999188 568.514 544.27 500
100 10 100 10 2 LQF 523.502 0.999985 525.102 521.902 500
100 10 100 10 2 Lyui 6983.51 0.959817 7637.75 6329.27 485
100 10 100 10 2 Simple 647.728 0.985947 708.658 586.798 500
100 10 200 10 2 DRAND 5362.12 0.985213 5591.9 5132.35 500
100 10 200 10 2 Lobats 1152.28 0.948014 1373.11 931.447 497
100 10 200 10 2 LocalVoting 626.084 0.996713 652.288 599.88 500
100 10 200 10 2 LQF 562.625 0.999935 566.012 559.238 500
100 10 200 10 2 Lyui 5193.11 0.950276 5916.9 4469.32 455
100 10 200 10 2 Simple 758.816 0.978183 848.934 668.698 500
100 10 10 10 3 DRAND 10060.8 0.988 10293.9 9622.81 500
100 10 10 10 3 Lobats 1176.54 0.995782 1200.84 1142.69 500
100 10 10 10 3 LocalVoting 499.411 0.99997 501.796 495.66 500
100 10 10 10 3 LQF 495.98 0.999997 496.97 495 500
100 10 10 10 3 Lyui 10925 0.938338 12794.2 8416.84 490
100 10 10 10 3 Simple 500.836 0.999979 503.248 498.148 500
100 10 20 10 3 DRAND 10525.9 0.982146 11010.6 9710.76 500
100 10 20 10 3 Lobats 1315.84 0.98357 1480.28 1178.61 500
100 10 20 10 3 LocalVoting 502.706 0.999949 505.982 498.706 500
100 10 20 10 3 LQF 498.036 0.999995 499.332 496.806 500
100 10 20 10 3 Lyui 11397.8 0.9368 13461.5 8602.88 487
100 10 20 10 3 Simple 513.603 0.998761 527.334 500.572 500
100 10 50 10 3 DRAND 9377.87 0.975295 10261.3 8159.99 500
100 10 50 10 3 Lobats 1170.23 0.962137 1394.26 927.743 499
100 10 50 10 3 LocalVoting 568.062 0.998928 580.498 552.174 500
100 10 50 10 3 LQF 558.579 0.999664 562.236 553.096 500
100 10 50 10 3 Lyui 10063.8 0.891387 13289.2 6637.76 489
100 10 50 10 3 Simple 603.447 0.985098 677.718 530.97 500
100 10 100 10 3 DRAND 8045.8 0.95764 9211.39 6333.79 500
100 10 100 10 3 Lobats 1134.71 0.934611 1447.37 811.499 499
100 10 100 10 3 LocalVoting 625.411 0.99554 658.088 582.272 500
100 10 100 10 3 LQF 602.947 0.998282 614.334 583.732 500
100 10 100 10 3 Lyui 7673.45 0.923373 9366.96 5379.16 488
100 10 100 10 3 Simple 718.66 0.965561 864.2 575.268 500
100 10 200 10 3 DRAND 6486.26 0.95322 7478.3 5000.5 500
100 10 200 10 3 Lobats 1256.57 0.926042 1628.34 882.04 497
100 10 200 10 3 LocalVoting 727.875 0.988086 795.54 640.012 500
100 10 200 10 3 LQF 695.619 0.994984 724.36 648.06 500
100 10 200 10 3 Lyui 6294.66 0.912432 7929.22 4258.65 433
100 10 200 10 3 Simple 882.14 0.951101 1084.87 662.838 500
100 10 10 10 4 DRAND 10125.7 0.983423 10558.6 9486.85 500
100 10 10 10 4 Lobats 1244.72 0.995201 1283.79 1180.16 500
100 10 10 10 4 LocalVoting 502.335 0.999977 505.376 499.422 500
100 10 10 10 4 LQF 496.479 0.999995 497.972 495 500
100 10 10 10 4 Lyui 11041.8 0.932807 13173.5 7810.32 482
100 10 10 10 4 Simple 507.851 0.998955 523.222 497.916 500
100 10 20 10 4 DRAND 10848.7 0.973451 11875.8 9550.9 500
100 10 20 10 4 Lobats 1377.62 0.978165 1605.93 1196.58 500
100 10 20 10 4 LocalVoting 533.155 0.999683 540.522 526.106 500
100 10 20 10 4 LQF 529.313 0.999972 531.48 526.928 500
100 10 20 10 4 Lyui 12324 0.93092 14865.3 8418.25 480
100 10 20 10 4 Simple 537.159 0.995416 575.128 504.118 500
100 10 50 10 4 DRAND 9946.69 0.953524 11809.5 7992.93 500
100 10 50 10 4 Lobats 1253.94 0.952961 1561.75 909.516 500
100 10 50 10 4 LocalVoting 657.679 0.994334 689.532 599.144 500
100 10 50 10 4 LQF 635.59 0.995977 652.062 595.392 500
100 10 50 10 4 Lyui 10577.3 0.874281 14863.3 5962.47 480
100 10 50 10 4 Simple 652.163 0.970012 792.616 524.37 500
100 10 100 10 4 DRAND 8893.87 0.930588 11170.4 6205.38 500
100 10 100 10 4 Lobats 1227.92 0.923078 1647.29 800.518 500
100 10 100 10 4 LocalVoting 729.077 0.984941 800.06 608.196 500
100 10 100 10 4 LQF 698.59 0.989711 737.222 610.186 500
100 10 100 10 4 Lyui 8142.21 0.899041 10820.8 4867.04 476
100 10 100 10 4 Simple 817.582 0.939674 1075.09 569.542 500
100 10 200 10 4 DRAND 7624.07 0.918452 9559 4838.49 500
100 10 200 10 4 Lobats 1352.62 0.903978 1867.47 820.114 493
100 10 200 10 4 LocalVoting 838.285 0.973098 965.544 645.51 500
100 10 200 10 4 LQF 809.769 0.982135 879.42 669.254 500
100 10 200 10 4 Lyui 6786.49 0.867366 9585.43 3455.87 420
100 10 200 10 4 Simple 965.009 0.923888 1295.59 619.872 500
100 10 10 10 5 DRAND 10205.5 0.98043 10880 9426.49 500
100 10 10 10 5 Lobats 1294.7 0.9928 1408.87 1221.68 500
100 10 10 10 5 LocalVoting 505.76 0.99999 507.882 503.526 500
100 10 10 10 5 LQF 496.974 0.999992 498.968 495 500
100 10 10 10 5 Lyui 11094.9 0.918238 13745.7 6952.17 477
100 10 10 10 5 Simple 512.064 0.99952 521.282 507.09 500
100 10 20 10 5 DRAND 11084.2 0.960371 12933.2 9432.44 500
100 10 20 10 5 Lobats 1463.55 0.976646 1756.2 1242.64 500
100 10 20 10 5 LocalVoting 615.26 0.998855 627.366 594.178 500
100 10 20 10 5 LQF 612.355 0.999817 616.008 606.17 500
100 10 20 10 5 Lyui 12326.5 0.913331 15868.3 7493.33 457
100 10 20 10 5 Simple 580.153 0.985714 660.668 510.23 500
100 10 50 10 5 DRAND 10444 0.936131 13433.3 7953.43 500
100 10 50 10 5 Lobats 1339.78 0.944694 1729.16 909.09 500
100 10 50 10 5 LocalVoting 748.748 0.985445 816.196 617.462 500
100 10 50 10 5 LQF 748.956 0.988792 786.324 639.366 500
100 10 50 10 5 Lyui 11066.4 0.858256 16525.5 5610.48 477
100 10 50 10 5 Simple 728.822 0.950994 949.072 532.678 500
100 10 100 10 5 DRAND 9488.7 0.904113 12862.2 5853.47 500
100 10 100 10 5 Lobats 1311.23 0.910437 1838.68 781.066 499
100 10 100 10 5 LocalVoting 812.797 0.972772 932.236 608.642 500
100 10 100 10 5 LQF 814.472 0.974777 895.23 613.624 500
100 10 100 10 5 Lyui 8831.11 0.873485 12721.8 4611.29 475
100 10 100 10 5 Simple 888.755 0.919711 1239.71 558.278 500
100 10 200 10 5 DRAND 8298.5 0.90016 10982.4 4497.27 500
100 10 200 10 5 Lobats 1448.97 0.893614 2076.07 811.908 491
100 10 200 10 5 LocalVoting 948.092 0.956948 1142.56 651.834 500
100 10 200 10 5 LQF 922.409 0.965933 1042.11 662.236 500
100 10 200 10 5 Lyui 7891.08 0.851498 11725.2 3463.23 409
100 10 200 10 5 Simple 1086.88 0.90217 1547.44 618.206 500
100 10 10 10 6 DRAND 10231.6 0.977522 11122.8 9311.34 500
100 10 10 10 6 Lobats 1395.45 0.990393 1490.46 1303.38 500
100 10 10 10 6 LocalVoting 599.463 0.999979 602.8 595.052 500
100 10 10 10 6 LQF 591.49 0.999991 594.03 588.808 500
100 10 10 10 6 Lyui 11450.9 0.922064 14279.6 7017.64 470
100 10 10 10 6 Simple 548.105 0.990248 623.718 508.152 500
100 10 20 10 6 DRAND 11517.6 0.948397 14313.4 9393.11 500
100 10 20 10 6 Lobats 1595.97 0.970242 1972.48 1337.8 500
100 10 20 10 6 LocalVoting 736.865 0.997594 756.808 685.758 500
100 10 20 10 6 LQF 750.093 0.999206 756.412 733.616 500
100 10 20 10 6 Lyui 12833.1 0.905563 17113.5 7180.91 458
100 10 20 10 6 Simple 652.271 0.971703 793.068 516.29 500
100 10 50 10 6 DRAND 11149.9 0.914217 15366.4 7871.07 500
100 10 50 10 6 Lobats 1429.02 0.941608 1878.71 928.49 500
100 10 50 10 6 LocalVoting 848.751 0.971121 969.756 613.89 500
100 10 50 10 6 LQF 865.569 0.97976 926.414 665.6 500
100 10 50 10 6 Lyui 11265.3 0.846166 17624.6 5225.32 476
100 10 50 10 6 Simple 799.649 0.929529 1107.99 522.406 500
100 10 100 10 6 DRAND 10487.1 0.887673 14934 5928.55 500
100 10 100 10 6 Lobats 1412.05 0.901189 2024.9 771.148 500
100 10 100 10 6 LocalVoting 913.536 0.958433 1095.4 613.078 500
100 10 100 10 6 LQF 934.339 0.964232 1047.61 642.028 500
100 10 100 10 6 Lyui 9179.94 0.855087 13928.7 4191.62 462
100 10 100 10 6 Simple 964.145 0.899209 1427.53 558.406 500
100 10 200 10 6 DRAND 9504.97 0.880771 13229.1 4444.59 500
100 10 200 10 6 Lobats 1562.48 0.877312 2325.52 769.501 495
100 10 200 10 6 LocalVoting 1070.99 0.943506 1329.4 659.962 500
100 10 200 10 6 LQF 1040.08 0.953111 1213.57 675.866 500
100 10 200 10 6 Lyui 8640.27 0.833668 13471.4 3313.04 406
100 10 200 10 6 Simple 1184.27 0.885984 1742.33 610.484 500
100 10 10 10 7 DRAND 10583 0.965849 12319.6 9253.77 500
100 10 10 10 7 Lobats 1459.17 0.990405 1564.03 1336.55 500
100 10 10 10 7 LocalVoting 697.065 0.999748 701.6 687.672 500
100 10 10 10 7 LQF 688.194 0.999738 692.216 679.086 500
100 10 10 10 7 Lyui 11432.7 0.911211 14722.3 6495.16 456
100 10 10 10 7 Simple 612.205 0.976517 741.558 508.022 500
100 10 20 10 7 DRAND 11807.1 0.931347 15752.3 9202.8 500
100 10 20 10 7 Lobats 1675.92 0.966762 2132.45 1382.13 500
100 10 20 10 7 LocalVoting 842.671 0.995547 873.288 757.908 500
100 10 20 10 7 LQF 867.331 0.998379 876.806 835.084 500
100 10 20 10 7 Lyui 12777 0.90006 17916.5 7134.69 461
100 10 20 10 7 Simple 759.469 0.961182 940.658 529.096 500
100 10 50 10 7 DRAND 11506.3 0.901327 16698.3 7809.62 500
100 10 50 10 7 Lobats 1515.72 0.934639 2043.24 917.1 500
100 10 50 10 7 LocalVoting 912.861 0.96244 1074.25 618.694 500
100 10 50 10 7 LQF 976.221 0.970435 1065.53 677.296 500
100 10 50 10 7 Lyui 11871.4 0.832767 19478.7 5141.55 474
100 10 50 10 7 Simple 881.601 0.911319 1278.41 526.88 500
100 10 100 10 7 DRAND 11211.2 0.868651 16775.6 5720.92 500
100 10 100 10 7 Lobats 1523.7 0.899661 2214.98 789.754 500
100 10 100 10 7 LocalVoting 997.828 0.944972 1241.52 612.22 500
100 10 100 10 7 LQF 1043.36 0.952217 1199.47 644.164 500
100 10 100 10 7 Lyui 9899.32 0.835408 15828.2 3937.47 466
100 10 100 10 7 Simple 1052.91 0.87975 1632.2 558.842 500
100 10 200 10 7 DRAND 10422 0.868412 14919.2 4399.5 500
100 10 200 10 7 Lobats 1653.66 0.870996 2528.15 743.584 493
100 10 200 10 7 LocalVoting 1166.53 0.930189 1505.73 659.324 500
100 10 200 10 7 LQF 1153.89 0.939738 1381.18 674.92 500
100 10 200 10 7 Lyui 9207.18 0.81724 14962.5 3017.91 400
100 10 200 10 7 Simple 1328.71 0.86632 2056.09 606.952 500
100 10 10 10 8 DRAND 10548.2 0.961512 12579.2 9026.94 500
100 10 10 10 8 Lobats 1549.47 0.987785 1739.12 1394.87 500
100 10 10 10 8 LocalVoting 789.744 0.999068 799.8 757.532 500
100 10 10 10 8 LQF 785.23 0.99922 790.81 767.462 500
100 10 10 10 8 Lyui 11517.9 0.908019 15283.2 6503.15 466
100 10 10 10 8 Simple 687.403 0.969286 829.276 507.696 500
100 10 20 10 8 DRAND 11965.6 0.925394 16490.7 9141.47 500
100 10 20 10 8 Lobats 1810.7 0.962967 2337.07 1452.95 500
100 10 20 10 8 LocalVoting 944.147 0.988889 1007.28 781.274 500
100 10 20 10 8 LQF 981.525 0.997527 993.212 932.296 500
100 10 20 10 8 Lyui 13293.1 0.883091 19766.9 6901.03 451
100 10 20 10 8 Simple 858.324 0.957861 1059.92 559.716 500
100 10 50 10 8 DRAND 12020.7 0.884914 18318.7 7755.84 500
100 10 50 10 8 Lobats 1596.98 0.930636 2191.1 921.646 500
100 10 50 10 8 LocalVoting 1020.19 0.945995 1254.44 605.246 500
100 10 50 10 8 LQF 1095.45 0.962979 1208.76 695.558 500
100 10 50 10 8 Lyui 12082.2 0.821125 20728.5 4540.97 472
100 10 50 10 8 Simple 960.386 0.898192 1436.59 527.706 500
100 10 100 10 8 DRAND 11622.5 0.859348 17897.3 5567.84 500
100 10 100 10 8 Lobats 1596.42 0.887662 2398.17 770.058 500
100 10 100 10 8 LocalVoting 1116.05 0.934309 1426.09 633.258 500
100 10 100 10 8 LQF 1144.93 0.9426 1340.75 634.952 500
100 10 100 10 8 Lyui 10718.8 0.822973 17946.4 3991.74 474
100 10 100 10 8 Simple 1133.07 0.869368 1797.68 551.626 500
100 10 200 10 8 DRAND 11501.8 0.855798 17042.4 4347.89 500
100 10 200 10 8 Lobats 1739.76 0.864168 2701.8 730.497 495
100 10 200 10 8 LocalVoting 1245.21 0.919264 1651.9 651.032 500
100 10 200 10 8 LQF 1277.09 0.929875 1554.11 669.852 500
100 10 200 10 8 Lyui 10057.8 0.796344 16995.5 2778.59 394
100 10 200 10 8 Simple 1414.98 0.857504 2234.93 596.396 500
100 10 10 10 9 DRAND 10746.1 0.955788 13457.4 9194.81 500
100 10 10 10 9 Lobats 1654.31 0.986715 1845.88 1433.46 500
100 10 10 10 9 LocalVoting 834.516 0.979448 898.4 511.336 500
100 10 10 10 9 LQF 883.296 0.998743 890.206 857.356 500
100 10 10 10 9 Lyui 11763.4 0.905588 15910.5 6272.89 440
100 10 10 10 9 Simple 800.656 0.965951 959.56 507.668 500
100 10 20 10 9 DRAND 12290.7 0.909208 18006.8 8970.99 500
100 10 20 10 9 Lobats 1942.78 0.961734 2544.81 1535.8 500
100 10 20 10 9 LocalVoting 1032.59 0.989768 1131.35 908.348 500
100 10 20 10 9 LQF 1092.59 0.995946 1109.01 1006.45 500
100 10 20 10 9 Lyui 13234 0.878382 20363.5 6485.21 443
100 10 20 10 9 Simple 954.297 0.961651 1169.64 604.384 500
100 10 50 10 9 DRAND 12445.6 0.873671 19597.8 7591.51 500
100 10 50 10 9 Lobats 1704.87 0.92497 2374.89 932.392 500
100 10 50 10 9 LocalVoting 1086.66 0.93476 1383.69 614.558 500
100 10 50 10 9 LQF 1204.73 0.958763 1343.86 730.746 500
100 10 50 10 9 Lyui 12530 0.804978 22671 4383.55 482
100 10 50 10 9 Simple 1059.25 0.889925 1613.09 543.752 500
100 10 100 10 9 DRAND 12062.2 0.847599 19396.4 5592.3 500
100 10 100 10 9 Lobats 1700.83 0.883964 2583.08 791.874 500
100 10 100 10 9 LocalVoting 1200.84 0.925221 1569.15 639.048 500
100 10 100 10 9 LQF 1247 0.934764 1483.24 646.004 500
100 10 100 10 9 Lyui 11258.9 0.807946 19391 3609.29 454
100 10 100 10 9 Simple 1226.61 0.852154 2016.07 538.808 500
100 10 200 10 9 DRAND 12238.7 0.841741 18715.7 4265.24 500
100 10 200 10 9 Lobats 1826.87 0.859196 2892.86 741.128 492
100 10 200 10 9 LocalVoting 1341.23 0.908141 1829.99 649.572 500
100 10 200 10 9 LQF 1382.57 0.923419 1713.53 671.732 500
100 10 200 10 9 Lyui 11328.9 0.786074 19820.8 2850.85 379
100 10 200 10 9 Simple 1519.88 0.844396 2456.24 596.856 500
100 10 10 10 10 DRAND 10761.1 0.954346 13718.3 9194.48 500
100 10 10 10 10 Lobats 1766.75 0.988475 2051.28 1602.06 500
100 10 10 10 10 LocalVoting 985.031 0.996677 998.4 952.632 500
100 10 10 10 10 LQF 977.283 0.997746 986.61 933.13 500
100 10 10 10 10 Lyui 11820.6 0.9008 16413.3 6108.23 448
100 10 10 10 10 Simple 941.418 0.982505 1018.81 782.016 500
100 10 20 10 10 DRAND 12347.6 0.905228 18669.4 8989.84 500
100 10 20 10 10 Lobats 2064.11 0.963254 2705.44 1643.31 500
100 10 20 10 10 LocalVoting 1082.91 0.984878 1243.88 938.99 500
100 10 20 10 10 LQF 1210.5 0.995527 1229.41 1100.9 500
100 10 20 10 10 Lyui 14039.3 0.86079 22869.2 6226.05 443
100 10 20 10 10 Simple 1061.32 0.973388 1291.36 836.508 500
100 10 50 10 10 DRAND 13019 0.861771 21219.8 7553.97 500
100 10 50 10 10 Lobats 1770.19 0.922824 2503.9 959.646 500
100 10 50 10 10 LocalVoting 1169.46 0.927493 1523.79 629.972 500
100 10 50 10 10 LQF 1277.55 0.948677 1450.07 683.598 500
100 10 50 10 10 Lyui 12716.3 0.793232 24004 4065.7 473
100 10 50 10 10 Simple 1128.31 0.878 1768.74 540.51 500
100 10 100 10 10 DRAND 13077.7 0.839635 21381.7 5493.55 500
100 10 100 10 10 Lobats 1834.68 0.876341 2823.86 782.531 499
100 10 100 10 10 LocalVoting 1258.9 0.914425 1700.31 634.706 500
100 10 100 10 10 LQF 1340.91 0.927022 1617.03 644.864 500
100 10 100 10 10 Lyui 11761.4 0.797402 20895.9 3534.41 454
100 10 100 10 10 Simple 1285.23 0.839681 2163.17 536.868 500
100 10 200 10 10 DRAND 13155.4 0.832294 20499.5 4208.89 500
100 10 200 10 10 Lobats 1930.67 0.853363 3102.53 730.648 491
100 10 200 10 10 LocalVoting 1404.88 0.899573 1951.03 635.562 500
100 10 200 10 10 LQF 1492.4 0.915036 1873.81 664.264 500
100 10 200 10 10 Lyui 11377.3 0.778705 20403.8 2615.16 383
100 10 200 10 10 Simple 1639.92 0.836665 2720.05 599.866 500
100 10 10 10 11 DRAND 10833.6 0.948206 14395 9042.97 500
100 10 10 10 11 Lobats 1873.09 0.984226 2156.02 1608.07 500
100 10 10 10 11 LocalVoting 1014.72 0.997153 1100.6 961.87 500
100 10 10 10 11 LQF 1075.81 0.997344 1086.41 1020.51 500
100 10 10 10 11 Lyui 11629.4 0.898739 16325.9 5997.83 461
100 10 10 10 11 Simple 1007.94 0.992657 1137.23 922.164 500
100 10 20 10 11 DRAND 12944.1 0.883774 20841.3 9025.96 500
100 10 20 10 11 Lobats 2207.14 0.961268 2908.52 1729.41 500
100 10 20 10 11 LocalVoting 1144.71 0.974961 1375.73 955.048 500
100 10 20 10 11 LQF 1359.87 0.994941 1381.81 1217.05 500
100 10 20 10 11 Lyui 14030.2 0.85472 23664.8 6247.42 433
100 10 20 10 11 Simple 1125.67 0.972408 1402.67 911.646 500
100 10 50 10 11 DRAND 13329.4 0.848086 22348.4 7424.51 500
100 10 50 10 11 Lobats 1874 0.919365 2660.09 971.663 499
100 10 50 10 11 LocalVoting 1260.9 0.915634 1671.17 615.65 500
100 10 50 10 11 LQF 1415.42 0.945216 1609.86 729.19 500
100 10 50 10 11 Lyui 13528.2 0.780722 26241.5 4085.92 463
100 10 50 10 11 Simple 1185.58 0.868134 1899.62 537.512 500
100 10 100 10 11 DRAND 13407.6 0.832513 22431.6 5407.17 500
100 10 100 10 11 Lobats 1865.75 0.874049 2916.66 787.916 499
100 10 100 10 11 LocalVoting 1374.75 0.910414 1865.95 656.962 500
100 10 100 10 11 LQF 1458.9 0.920199 1778.02 650.416 500
100 10 100 10 11 Lyui 12687.6 0.784336 23046.2 3293.01 454
100 10 100 10 11 Simple 1384.15 0.832646 2356.62 545.128 500
100 10 200 10 11 DRAND 13686.4 0.825417 21986.9 4037.34 500
100 10 200 10 11 Lobats 2020.38 0.84882 3282.09 708.676 491
100 10 200 10 11 LocalVoting 1541.01 0.893812 2173.09 653.13 500
100 10 200 10 11 LQF 1572.65 0.90757 2006.76 661.014 500
100 10 200 10 11 Lyui 12836 0.769201 23410.4 2692.32 389
100 10 200 10 11 Simple 1703.69 0.824359 2878.13 566.926 500
100 10 10 10 12 DRAND 11002.1 0.937778 15412.9 8816.61 500
100 10 10 10 12 Lobats 1979.91 0.984766 2301.83 1697.62 500
100 10 10 10 12 LocalVoting 1038.01 0.991873 1196 944.606 500
100 10 10 10 12 LQF 1178.9 0.997635 1189.4 1119 500
100 10 10 10 12 Lyui 11937.7 0.887521 17594.2 5643.64 435
100 10 10 10 12 Simple 1039.01 0.990154 1223.59 935.808 500
100 10 20 10 12 DRAND 13071 0.878361 21602.2 8913.07 500
100 10 20 10 12 Lobats 2335.11 0.960828 3080.64 1767.52 500
100 10 20 10 12 LocalVoting 1195.11 0.96333 1481.75 925.798 500
100 10 20 10 12 LQF 1451.09 0.993242 1478.2 1264.06 500
100 10 20 10 12 Lyui 14846.5 0.830972 26639.9 6149.61 424
100 10 20 10 12 Simple 1185 0.963766 1525.91 933.494 500
100 10 50 10 12 DRAND 14079.8 0.837995 24124.2 7311.54 500
100 10 50 10 12 Lobats 1954.65 0.911922 2841.98 961.112 500
100 10 50 10 12 LocalVoting 1364.22 0.908574 1838.04 655.46 500
100 10 50 10 12 LQF 1519.93 0.941961 1739.59 714.25 500
100 10 50 10 12 Lyui 13895.2 0.776266 27705.8 4028.77 463
100 10 50 10 12 Simple 1293.2 0.859581 2102.2 546.614 500
100 10 100 10 12 DRAND 13930.1 0.819371 24064.8 5378.54 500
100 10 100 10 12 Lobats 2031.1 0.870136 3187 784.536 500
100 10 100 10 12 LocalVoting 1473.37 0.899265 2043.15 653.77 500
100 10 100 10 12 LQF 1602.07 0.919143 1956.32 702.018 500
100 10 100 10 12 Lyui 12484.4 0.773909 23492.8 2992.92 450
100 10 100 10 12 Simple 1481.35 0.826415 2563.36 550.366 500
100 10 200 10 12 DRAND 14690.1 0.816668 23914.4 4045.03 500
100 10 200 10 12 Lobats 2143.22 0.843044 3515.14 716.157 492
100 10 200 10 12 LocalVoting 1611.57 0.886434 2314.49 654.804 500
100 10 200 10 12 LQF 1706.67 0.907569 2183.96 684.352 500
100 10 200 10 12 Lyui 12951.8 0.762349 24205.2 2569.51 362
100 10 200 10 12 Simple 1828.95 0.820965 3137.8 585.664 500
100 10 10 10 13 DRAND 10928.5 0.939844 15431.8 8759.56 500
100 10 10 10 13 Lobats 2102.49 0.984138 2446.62 1750.52 500
100 10 10 10 13 LocalVoting 1077.03 0.983172 1293.8 934.55 500
100 10 10 10 13 LQF 1271.94 0.996487 1285.41 1179.63 500
100 10 10 10 13 Lyui 12087.3 0.875582 18895.9 5716.37 449
100 10 10 10 13 Simple 1077.07 0.983485 1327.89 941.652 500
100 10 20 10 13 DRAND 13589.8 0.863664 23474.9 8872.88 500
100 10 20 10 13 Lobats 2455.99 0.960998 3249.07 1820.59 500
100 10 20 10 13 LocalVoting 1272.83 0.951539 1607.84 942.94 500
100 10 20 10 13 LQF 1574.86 0.992618 1605.41 1337.28 500
100 10 20 10 13 Lyui 15169.9 0.827028 27813.9 6088.36 425
100 10 20 10 13 Simple 1240.26 0.953906 1647.24 918.78 500
100 10 50 10 13 DRAND 14059.9 0.834281 24850.5 7328.72 500
100 10 50 10 13 Lobats 2072.13 0.910348 3025.74 981.108 499
100 10 50 10 13 LocalVoting 1422.35 0.899617 1958.48 652.914 500
100 10 50 10 13 LQF 1625.98 0.937109 1880.58 739.11 500
100 10 50 10 13 Lyui 14449.8 0.763606 29651.4 3903.32 455
100 10 50 10 13 Simple 1353.23 0.853751 2232.32 549.266 500
100 10 100 10 13 DRAND 14927.3 0.814821 26098 5331.29 500
100 10 100 10 13 Lobats 2091.56 0.865648 3328.6 783.657 498
100 10 100 10 13 LocalVoting 1573.84 0.894971 2216.68 668.882 500
100 10 100 10 13 LQF 1680.37 0.914551 2071.46 694.918 500
100 10 100 10 13 Lyui 13185.9 0.77041 25149.5 3036.07 449
100 10 100 10 13 Simple 1532.03 0.820087 2699.11 535.126 500
100 10 200 10 13 DRAND 15223.4 0.806742 25376.9 3734.45 500
100 10 200 10 13 Lobats 2224.16 0.832769 3749.69 684.366 492
100 10 200 10 13 LocalVoting 1709.1 0.878879 2502.7 653.632 500
100 10 200 10 13 LQF 1773.76 0.897548 2313.11 659.018 500
100 10 200 10 13 Lyui 13939 0.751303 26619.6 2227.73 362
100 10 200 10 13 Simple 1936.38 0.815325 3352.94 577.938 500
100 10 10 10 14 DRAND 11113.2 0.930588 16449.3 8740.67 500
100 10 10 10 14 Lobats 2209.21 0.984043 2593.66 1790.07 500
100 10 10 10 14 LocalVoting 1124.68 0.972061 1393.2 929.512 500
100 10 10 10 14 LQF 1369.47 0.996124 1384.4 1261.36 500
100 10 10 10 14 Lyui 12165.3 0.877067 19195.9 5653.23 436
100 10 10 10 14 Simple 1114.04 0.974445 1427.66 927.482 500
100 10 20 10 14 DRAND 13894.6 0.84855 24896.7 8591.23 500
100 10 20 10 14 Lobats 2581.38 0.960588 3434.71 1918.07 500
100 10 20 10 14 LocalVoting 1345.27 0.938256 1733.11 927.83 500
100 10 20 10 14 LQF 1687.99 0.99238 1721 1406.49 500
100 10 20 10 14 Lyui 14871 0.825906 27631.5 5869.84 409
100 10 20 10 14 Simple 1308.37 0.943008 1781.47 929.854 500
100 10 50 10 14 DRAND 14584.8 0.823301 26536.8 7280.86 500
100 10 50 10 14 Lobats 2155.83 0.907017 3170.06 1011.39 500
100 10 50 10 14 LocalVoting 1509.82 0.893231 2105.35 668.696 500
100 10 50 10 14 LQF 1754.61 0.934032 2039.09 736.3 500
100 10 50 10 14 Lyui 14481.5 0.751977 30500.9 3706.21 452
100 10 50 10 14 Simple 1444.49 0.850505 2402.81 562.572 500
100 10 100 10 14 DRAND 15093.1 0.802077 27263.3 5334.56 500
100 10 100 10 14 Lobats 2194.6 0.862723 3514.93 817.116 498
100 10 100 10 14 LocalVoting 1585.91 0.886175 2286.84 648.698 500
100 10 100 10 14 LQF 1772.76 0.912962 2197.89 701.466 500
100 10 100 10 14 Lyui 13889.5 0.761175 27074.1 2949.94 449
100 10 100 10 14 Simple 1679.62 0.810101 2980.61 546.236 500
100 10 200 10 14 DRAND 16157.5 0.803326 27193.5 3682.28 500
100 10 200 10 14 Lobats 2330.88 0.834817 3914.9 720.702 494
100 10 200 10 14 LocalVoting 1804.23 0.876709 2659.92 653.856 500
100 10 200 10 14 LQF 1942.57 0.897899 2532.08 710.378 500
100 10 200 10 14 Lyui 15209.2 0.743333 29528.9 2413.89 377
100 10 200 10 14 Simple 2041.44 0.807729 3593.57 574.962 500
100 10 10 10 15 DRAND 11297.6 0.923477 17029.8 8589.31 500
100 10 10 10 15 Lobats 2327 0.983725 2748.65 1940.17 500
100 10 10 10 15 LocalVoting 1181.39 0.959413 1492.8 927.49 500
100 10 10 10 15 LQF 1468.14 0.995968 1484.21 1342.1 500
100 10 10 10 15 Lyui 12215.4 0.870849 19931.8 5430.98 434
100 10 10 10 15 Simple 1165.89 0.962912 1527.54 929.528 500
100 10 20 10 15 DRAND 14605.2 0.831204 27074.5 8647.52 500
100 10 20 10 15 Lobats 2739.59 0.957005 3683.79 2009.08 500
100 10 20 10 15 LocalVoting 1437.23 0.926505 1871.97 920.846 500
100 10 20 10 15 LQF 1823.25 0.991174 1862.22 1472.45 500
100 10 20 10 15 Lyui 15139.8 0.817207 29102.9 5792.86 418
100 10 20 10 15 Simple 1395.54 0.931792 1933.97 933.992 500
100 10 50 10 15 DRAND 14884.1 0.816919 27454.2 7203.63 500
100 10 50 10 15 Lobats 2246.9 0.902835 3347.63 1001.62 500
100 10 50 10 15 LocalVoting 1585.29 0.886325 2243.57 679.866 500
100 10 50 10 15 LQF 1863.29 0.932133 2169.43 759.428 500
100 10 50 10 15 Lyui 15308.6 0.74134 33399.8 3473.74 461
100 10 50 10 15 Simple 1508.98 0.847819 2539.39 562.564 500
100 10 100 10 15 DRAND 16012.4 0.800406 28961.8 5230.01 500
100 10 100 10 15 Lobats 2278.69 0.859617 3681.81 817.182 500
100 10 100 10 15 LocalVoting 1700.4 0.881039 2474.5 670.68 500
100 10 100 10 15 LQF 1881.37 0.910344 2344.54 699.406 500
100 10 100 10 15 Lyui 14155.1 0.75514 28236.7 2883.64 439
100 10 100 10 15 Simple 1762.73 0.814363 3137.32 551.38 500
100 10 200 10 15 DRAND 17014.3 0.796722 29038.3 3762.73 500
100 10 200 10 15 Lobats 2450.33 0.829862 4172.95 698.54 494
100 10 200 10 15 LocalVoting 1905.2 0.871982 2833.79 654.702 500
100 10 200 10 15 LQF 1990.69 0.891586 2639.81 688.788 500
100 10 200 10 15 Lyui 15379.3 0.743568 29871.1 2275.53 344
100 10 200 10 15 Simple 2151.81 0.808033 3787.1 583.628 500
100 10 10 10 16 DRAND 11340.9 0.921605 17529.8 8608.2 500
100 10 10 10 16 Lobats 2437.93 0.981112 2973.98 1977.82 500
100 10 10 10 16 LocalVoting 1239.7 0.946578 1591 918.422 500
100 10 10 10 16 LQF 1565.29 0.995591 1583.01 1413.82 500
100 10 10 10 16 Lyui 12270.9 0.867827 20400.5 5439.87 439
100 10 10 10 16 Simple 1207.18 0.954139 1641.09 930.512 500
100 10 20 10 16 DRAND 14504.5 0.831811 27158.6 8628.29 500
100 10 20 10 16 Lobats 2863.8 0.956051 3852.16 2066.4 500
100 10 20 10 16 LocalVoting 1515.91 0.918275 1992.27 920.8 500
100 10 20 10 16 LQF 1922.09 0.989954 1966.81 1498.38 500
100 10 20 10 16 Lyui 15675.7 0.801308 31218.1 5648.6 429
100 10 20 10 16 Simple 1453.81 0.92202 2039.8 916.792 500
100 10 50 10 16 DRAND 15491.6 0.80755 29136.6 7172.63 500
100 10 50 10 16 Lobats 2355.85 0.898397 3524.77 993.768 500
100 10 50 10 16 LocalVoting 1668.77 0.883331 2387.41 689.962 500
100 10 50 10 16 LQF 1970 0.93087 2308.58 802.374 500
100 10 50 10 16 Lyui 15331.8 0.745181 33577.2 3493.61 453
100 10 50 10 16 Simple 1587.35 0.84471 2680.16 572.59 500
100 10 100 10 16 DRAND 16080.4 0.791869 29794.2 5192.87 500
100 10 100 10 16 Lobats 2359.9 0.855625 3843.5 805.876 500
100 10 100 10 16 LocalVoting 1780.13 0.878231 2618.26 678.654 500
100 10 100 10 16 LQF 1997.8 0.907204 2502.99 716.188 500
100 10 100 10 16 Lyui 14865 0.747145 30270.8 2756.04 432
100 10 100 10 16 Simple 1830.33 0.80645 3301.07 543.3 500
100 10 200 10 16 DRAND 18054.9 0.795843 30846.6 3587.05 500
100 10 200 10 16 Lobats 2513.22 0.825963 4322.91 700.11 491
100 10 200 10 16 LocalVoting 2005.49 0.867506 3019.66 658.022 500
100 10 200 10 16 LQF 2139.97 0.892447 2830.53 703.744 500
100 10 200 10 16 Lyui 16160.5 0.73589 32083 2224.65 341
100 10 200 10 16 Simple 2235.9 0.804383 3961.63 580.676 500
100 10 10 10 17 DRAND 11365 0.917771 18006.9 8513.43 500
100 10 10 10 17 Lobats 2564.78 0.98184 3131.35 2116.49 500
100 10 10 10 17 LocalVoting 1308.91 0.934519 1692 925.5 500
100 10 10 10 17 LQF 1666.29 0.99591 1684.21 1510.71 500
100 10 10 10 17 Lyui 12600.6 0.856795 21848.9 5484.95 426
100 10 10 10 17 Simple 1256.79 0.943507 1763.44 916.418 500
100 10 20 10 17 DRAND 14767.1 0.818656 28534.3 8307.81 500
100 10 20 10 17 Lobats 3006.49 0.955255 4060.18 2150.04 500
100 10 20 10 17 LocalVoting 1583.51 0.912611 2104.76 917.774 500
100 10 20 10 17 LQF 2056.01 0.989952 2104.21 1581.49 500
100 10 20 10 17 Lyui 15945.4 0.791102 32805.1 5492.81 395
100 10 20 10 17 Simple 1516.58 0.914407 2155.25 916.756 500
100 10 50 10 17 DRAND 16062.1 0.800514 30719 6943.41 500
100 10 50 10 17 Lobats 2422.29 0.898991 3657.15 1046.44 499
100 10 50 10 17 LocalVoting 1745.63 0.875495 2538.53 697.282 500
100 10 50 10 17 LQF 2031.94 0.925925 2409.35 778.126 500
100 10 50 10 17 Lyui 15763.6 0.734868 35608.6 3348.88 437
100 10 50 10 17 Simple 1691.78 0.840093 2869.7 583.652 500
100 10 100 10 17 DRAND 16882.7 0.784785 31955.1 5039 500
100 10 100 10 17 Lobats 2484.93 0.851042 4068.51 802.912 499
100 10 100 10 17 LocalVoting 1850.09 0.870267 2760.88 674.352 500
100 10 100 10 17 LQF 2083.79 0.902391 2649.37 724.316 500
100 10 100 10 17 Lyui 15315.5 0.742153 31504.9 2739.83 433
100 10 100 10 17 Simple 1908.51 0.802053 3466.86 538.256 500
100 10 200 10 17 DRAND 18648.4 0.786649 32606.6 3642.34 500
100 10 200 10 17 Lobats 2653.95 0.824578 4562.56 705.642 492
100 10 200 10 17 LocalVoting 2098.8 0.862778 3196.55 669.988 500
100 10 200 10 17 LQF 2213.17 0.887732 2969.49 709.244 500
100 10 200 10 17 Lyui 16949 0.728371 34391.7 2094.8 346
100 10 200 10 17 Simple 2335.51 0.79461 4253.67 574.912 500
100 10 10 10 18 DRAND 11458.1 0.912336 18487.4 8268.46 500
100 10 10 10 18 Lobats 2671.52 0.981541 3254.26 2127.74 500
100 10 10 10 18 LocalVoting 1354.14 0.925943 1787.6 901.27 500
100 10 10 10 18 LQF 1763.81 0.995657 1783.21 1587.17 500
100 10 10 10 18 Lyui 12544.4 0.853188 22207.5 5283.13 441
100 10 10 10 18 Simple 1313.99 0.933303 1855.65 914.416 500
100 10 20 10 18 DRAND 15285.1 0.803398 30452.3 8176.01 500
100 10 20 10 18 Lobats 3111.47 0.954844 4215.87 2187.31 500
100 10 20 10 18 LocalVoting 1656.83 0.906101 2238.82 919.748 500
100 10 20 10 18 LQF 2174.04 0.988612 2228.22 1604.18 500
100 10 20 10 18 Lyui 15892.5 0.786703 33229 5420.58 414
100 10 20 10 18 Simple 1605.85 0.909227 2310.17 927.86 500
100 10 50 10 18 DRAND 16160.2 0.79498 31466.1 6769.57 500
100 10 50 10 18 Lobats 2523.74 0.89517 3839.25 1022.2 500
100 10 50 10 18 LocalVoting 1819.31 0.871761 2669.47 722.152 500
100 10 50 10 18 LQF 2162.3 0.928163 2548.22 812.034 500
100 10 50 10 18 Lyui 16302.3 0.729637 37031.5 3221.25 453
100 10 50 10 18 Simple 1741.96 0.837624 2999.63 609.988 500
100 10 100 10 18 DRAND 18107.9 0.776962 34740.5 5125.25 500
100 10 100 10 18 Lobats 2550.47 0.847981 4227.97 823.074 499
100 10 100 10 18 LocalVoting 1983.41 0.866952 2967.37 680.302 500
100 10 100 10 18 LQF 2151.9 0.900558 2746.14 722.84 500
100 10 100 10 18 Lyui 15822.2 0.73623 33182.1 2456.72 435
100 10 100 10 18 Simple 1968.98 0.801674 3615.68 554.682 500
100 10 200 10 18 DRAND 19805.6 0.781089 34828.8 3467.37 500
100 10 200 10 18 Lobats 2715.65 0.82115 4695.2 700.85 493
100 10 200 10 18 LocalVoting 2188.87 0.860851 3349.67 684.212 500
100 10 200 10 18 LQF 2320.76 0.884492 3125.11 695.648 500
100 10 200 10 18 Lyui 17785 0.731183 35702.2 2147.53 356
100 10 200 10 18 Simple 2436.51 0.793356 4447.19 578.5 500
100 10 10 10 19 DRAND 11576.1 0.909529 18808.8 8306.26 500
100 10 10 10 19 Lobats 2775.01 0.981039 3375.1 2116.55 500
100 10 10 10 19 LocalVoting 1412.27 0.917684 1886.4 899.306 500
100 10 10 10 19 LQF 1852.52 0.993979 1877.01 1583.14 500
100 10 10 10 19 Lyui 12918.2 0.848594 23196.3 5358.58 422
100 10 10 10 19 Simple 1379.25 0.922292 1952.5 911.398 500
100 10 20 10 19 DRAND 15445.1 0.799592 31311.9 8325.8 500
100 10 20 10 19 Lobats 3232.96 0.958417 4350.83 2294.41 500
100 10 20 10 19 LocalVoting 1718.97 0.903817 2342.85 900.668 500
100 10 20 10 19 LQF 2298.39 0.989124 2353.42 1705.08 500
100 10 20 10 19 Lyui 16383.5 0.783109 34673.5 5410.45 406
100 10 20 10 19 Simple 1672.04 0.901733 2444.77 915.836 500
100 10 50 10 19 DRAND 16921.6 0.785724 33531 6954.75 500
100 10 50 10 19 Lobats 2634.39 0.893993 4004.25 1060.65 500
100 10 50 10 19 LocalVoting 1891.37 0.865742 2811.46 741.154 500
100 10 50 10 19 LQF 2231.25 0.921189 2666.15 787.73 500
100 10 50 10 19 Lyui 16841.2 0.713628 39483.8 3244.52 450
100 10 50 10 19 Simple 1831.82 0.834052 3175.72 605.628 500
100 10 100 10 19 DRAND 17800.3 0.775625 34455 5020.12 500
100 10 100 10 19 Lobats 2657.68 0.846993 4395.39 814.48 500
100 10 100 10 19 LocalVoting 2000.04 0.863434 3032.53 673.486 500
100 10 100 10 19 LQF 2254.08 0.89681 2897.23 724.902 500
100 10 100 10 19 Lyui 16366.8 0.729169 34471.9 2428.07 423
100 10 100 10 19 Simple 2059.93 0.796098 3791.81 548.418 500
100 10 200 10 19 DRAND 20506.4 0.777358 36442 3413.19 500
100 10 200 10 19 Lobats 2850.96 0.82459 4924.01 697.392 487
100 10 200 10 19 LocalVoting 2243.22 0.854957 3481.83 664.394 500
100 10 200 10 19 LQF 2439.81 0.883959 3299.17 712.926 500
100 10 200 10 19 Lyui 18589.1 0.73181 37380.9 2035.19 338
100 10 200 10 19 Simple 2462.19 0.789528 4530.7 560.296 500
100 10 10 10 20 DRAND 11700.3 0.901524 19705.3 8286.89 500
100 10 10 10 20 Lobats 2874.99 0.979733 3531.26 2156.19 500
100 10 10 10 20 LocalVoting 1523.59 0.906014 1990 918.462 500
100 10 10 10 20 LQF 1950.7 0.993896 1976.41 1663.06 500
100 10 10 10 20 Lyui 12776.6 0.851458 23281.7 5427.43 427
100 10 10 10 20 Simple 1444.02 0.91419 2038.11 896.258 500
100 10 20 10 20 DRAND 15660.5 0.793466 32410.1 8212.21 500
100 10 20 10 20 Lobats 3344.45 0.954083 4554.02 2209.52 500
100 10 20 10 20 LocalVoting 1794.88 0.898607 2486.99 909.642 500
100 10 20 10 20 LQF 2396.75 0.988204 2457.81 1689.06 500
100 10 20 10 20 Lyui 16930.8 0.769926 36697.9 5183.92 392
100 10 20 10 20 Simple 1733.92 0.896159 2597.08 917.73 500
100 10 50 10 20 DRAND 16971.2 0.785416 34057.4 6767.2 500
100 10 50 10 20 Lobats 2722.7 0.889334 4175.66 1040.28 499
100 10 50 10 20 LocalVoting 1979.01 0.862233 2962.25 746.312 500
100 10 50 10 20 LQF 2324.56 0.921615 2781.75 798.056 500
100 10 50 10 20 Lyui 16441.6 0.715372 38423 3107.58 453
100 10 50 10 20 Simple 1911.72 0.83382 3305.11 618.016 500
100 10 100 10 20 DRAND 18932.6 0.772775 36863.6 5063.43 500
100 10 100 10 20 Lobats 2773.25 0.842777 4633.71 819.05 499
100 10 100 10 20 LocalVoting 2121.11 0.86186 3224.09 693.126 500
100 10 100 10 20 LQF 2380.71 0.89718 3064.03 764.608 500
100 10 100 10 20 Lyui 16714.8 0.725807 35760 2310.85 422
100 10 100 10 20 Simple 2116.37 0.792086 3954.16 553.426 500
100 10 200 10 20 DRAND 21278.8 0.770581 38319.3 3404.15 500
100 10 200 10 20 Lobats 2892.34 0.816597 5088.47 686.286 483
100 10 200 10 20 LocalVoting 2341.64 0.850657 3661.07 665.6 500
100 10 200 10 20 LQF 2540.99 0.878574 3456.21 708.652 500
100 10 200 10 20 Lyui 19077.1 0.718338 39222.5 1847.16 332
100 10 200 10 20 Simple 2625.65 0.790457 4827.39 570.524 500
100 10 10 10 21 DRAND 11726 0.898628 20005.1 8079.89 500
100 10 10 10 21 Lobats 2993.54 0.980565 3685.5 2223.65 500
100 10 10 10 21 LocalVoting 1568.14 0.904586 2085.8 898.29 500
100 10 10 10 21 LQF 2047.05 0.993537 2074.82 1712.3 500
100 10 10 10 21 Lyui 12994 0.844354 24192.8 5314.85 427
100 10 10 10 21 Simple 1495.82 0.910051 2148.29 904.344 500
100 10 20 10 21 DRAND 15959.7 0.783297 33570.5 8024.55 500
100 10 20 10 21 Lobats 3487.48 0.953357 4767.83 2316.16 500
100 10 20 10 21 LocalVoting 1851.54 0.894506 2597.19 911.746 500
100 10 20 10 21 LQF 2537.29 0.98886 2599.21 1793.25 500
100 10 20 10 21 Lyui 17514.7 0.756189 39303.6 5559.97 372
100 10 20 10 21 Simple 1776.05 0.889968 2711.72 890.508 500
100 10 50 10 21 DRAND 18222.3 0.772106 37200.9 6858.56 500
100 10 50 10 21 Lobats 2792.45 0.888331 4302.58 1074.88 499
100 10 50 10 21 LocalVoting 2059.39 0.860111 3094.97 732.396 500
100 10 50 10 21 LQF 2439.25 0.91926 2930.05 823.408 500
100 10 50 10 21 Lyui 17121.6 0.710204 40953.2 3132.46 438
100 10 50 10 21 Simple 1994.05 0.825603 3502.27 632.416 500
100 10 100 10 21 DRAND 19325.2 0.769104 37932.5 4868.91 500
100 10 100 10 21 Lobats 2863.06 0.841715 4788.42 816.543 497
100 10 100 10 21 LocalVoting 2186.71 0.858356 3358.55 711.33 500
100 10 100 10 21 LQF 2427.37 0.892972 3156.71 727.486 500
100 10 100 10 21 Lyui 16982.3 0.720619 37130.9 2344.82 433
100 10 100 10 21 Simple 2221.93 0.792734 4134.97 556.338 500
100 10 200 10 21 DRAND 21422.6 0.768357 38957.5 3299.36 500
100 10 200 10 21 Lobats 3061.55 0.816929 5346.31 702.077 491
100 10 200 10 21 LocalVoting 2396.3 0.848531 3779.29 665.268 500
100 10 200 10 21 LQF 2634.94 0.877962 3591.48 704.346 500
100 10 200 10 21 Lyui 19933.7 0.71226 41805.7 1890.3 328
100 10 200 10 21 Simple 2706.91 0.788442 5008.43 570.336 500
100 10 10 10 22 DRAND 11954 0.893006 20523.9 7985.96 500
100 10 10 10 22 Lobats 3092.93 0.979565 3806.81 2223.37 500
100 10 10 10 22 LocalVoting 1602.51 0.903061 2184.6 892.238 500
100 10 10 10 22 LQF 2149.95 0.994213 2177.01 1824.91 500
100 10 10 10 22 Lyui 13017.9 0.840088 24345.7 5261.64 401
100 10 10 10 22 Simple 1542.18 0.906718 2257.38 906.37 500
100 10 20 10 22 DRAND 16305.5 0.774687 34928.8 8005.54 500
100 10 20 10 22 Lobats 3587.97 0.953102 4931.11 2376.09 500
100 10 20 10 22 LocalVoting 1925.59 0.889363 2730.77 908.724 500
100 10 20 10 22 LQF 2638.82 0.987017 2711.61 1775.54 500
100 10 20 10 22 Lyui 17676.4 0.750412 39885.6 5104.47 407
100 10 20 10 22 Simple 1837.08 0.88546 2862.22 901.664 500
100 10 50 10 22 DRAND 17655.8 0.774782 36602.8 6595.51 500
100 10 50 10 22 Lobats 2891.67 0.8869 4493.28 1103.46 500
100 10 50 10 22 LocalVoting 2110.74 0.854788 3212.34 758.996 500
100 10 50 10 22 LQF 2542.64 0.91665 3069.58 839.2 500
100 10 50 10 22 Lyui 17998.1 0.696115 44144.7 2867.88 436
100 10 50 10 22 Simple 2076.16 0.823616 3662.26 642.702 500
100 10 100 10 22 DRAND 19568.9 0.762346 39190.3 4788.35 500
100 10 100 10 22 Lobats 2962.97 0.842701 4956.79 830.383 499
100 10 100 10 22 LocalVoting 2266.58 0.852421 3513.65 697.7 500
100 10 100 10 22 LQF 2596.67 0.895043 3357.34 755.322 500
100 10 100 10 22 Lyui 17417.7 0.719999 38289.7 2368.17 427
100 10 100 10 22 Simple 2301.61 0.793405 4266.99 557.768 500
100 10 200 10 22 DRAND 22859.9 0.766647 41589.4 3272.87 500
100 10 200 10 22 Lobats 3111.74 0.812031 5504.3 695.128 493
100 10 200 10 22 LocalVoting 2517.79 0.843943 4001.57 661.376 500
100 10 200 10 22 LQF 2753.53 0.878002 3775.93 723.94 500
100 10 200 10 22 Lyui 19938.3 0.709866 42174.6 1755.23 338
100 10 200 10 22 Simple 2736.54 0.779071 5176.98 561.962 500
100 10 10 10 23 DRAND 11990 0.890369 20587.5 7703.23 500
100 10 10 10 23 Lobats 3199.1 0.978649 3960.47 2243.49 500
100 10 10 10 23 LocalVoting 1649.71 0.901847 2284.2 892.274 500
100 10 10 10 23 LQF 2244.46 0.99361 2274.21 1888.9 500
100 10 10 10 23 Lyui 13039.2 0.84785 23915.5 5288.15 400
100 10 10 10 23 Simple 1578.15 0.902971 2371.27 889.222 500
100 10 20 10 23 DRAND 16387.6 0.775177 35350.9 7872.67 500
100 10 20 10 23 Lobats 3689.97 0.952689 5071.15 2391.7 500
100 10 20 10 23 LocalVoting 1988.71 0.884042 2844.14 885.468 500
100 10 20 10 23 LQF 2763.86 0.986416 2841.21 1767.87 500
100 10 20 10 23 Lyui 17701.8 0.748736 40594.3 5010.13 381
100 10 20 10 23 Simple 1917.46 0.878132 3027.48 877.462 500
100 10 50 10 23 DRAND 18699.9 0.768171 39151.2 6907.55 500
100 10 50 10 23 Lobats 2979.6 0.880533 4669.9 1052.34 500
100 10 50 10 23 LocalVoting 2219.73 0.850342 3391.23 751.214 500
100 10 50 10 23 LQF 2674.48 0.918131 3227.6 857.506 500
100 10 50 10 23 Lyui 18481.1 0.69174 46048.9 2851.78 436
100 10 50 10 23 Simple 2137.95 0.81716 3816.25 640.062 500
100 10 100 10 23 DRAND 20492 0.762479 41037.3 4935.45 500
100 10 100 10 23 Lobats 3014.15 0.83999 5089.1 828.249 497
100 10 100 10 23 LocalVoting 2340.91 0.849719 3662.18 689.856 500
100 10 100 10 23 LQF 2651.55 0.889505 3459.33 746.392 500
100 10 100 10 23 Lyui 18153.5 0.717214 40124.2 2273.41 434
100 10 100 10 23 Simple 2406.65 0.789625 4494.16 563.036 500
100 10 200 10 23 DRAND 23426.7 0.764213 42879.3 3254.77 500
100 10 200 10 23 Lobats 3168.89 0.813831 5630.91 694.627 491
100 10 200 10 23 LocalVoting 2619.72 0.844615 4168.36 687.354 500
100 10 200 10 23 LQF 2841.42 0.876211 3912.55 738.152 500
100 10 200 10 23 Lyui 21283.4 0.709684 45177.2 1843.43 343
100 10 200 10 23 Simple 2895.31 0.780256 5454.65 556.352 500
100 10 10 10 24 DRAND 12084.6 0.886402 21206.8 7985.37 500
100 10 10 10 24 Lobats 3303.4 0.978614 4082.94 2316.92 500
100 10 10 10 24 LocalVoting 1696.39 0.898132 2376.6 861.006 500
100 10 10 10 24 LQF 2344.19 0.993798 2374.61 1958.36 500
100 10 10 10 24 Lyui 13166.7 0.83871 24966 5114.22 387
100 10 10 10 24 Simple 1628.13 0.898377 2492.48 903.342 500
100 10 20 10 24 DRAND 16718.9 0.760419 37192.6 7986.92 500
100 10 20 10 24 Lobats 3814.01 0.952769 5245.52 2458.92 500
100 10 20 10 24 LocalVoting 2074.87 0.880726 2976.73 890.52 500
100 10 20 10 24 LQF 2891.63 0.986811 2972.22 1875.6 500
100 10 20 10 24 Lyui 18595.6 0.735826 43751.5 5202.05 363
100 10 20 10 24 Simple 1975.97 0.874682 3157.28 898.724 500
100 10 50 10 24 DRAND 18909.5 0.762269 39824 6775.12 500
100 10 50 10 24 Lobats 3088.66 0.882975 4829.66 1094.94 499
100 10 50 10 24 LocalVoting 2295.49 0.847009 3541.22 746.232 500
100 10 50 10 24 LQF 2769.86 0.913483 3365.22 849.792 500
100 10 50 10 24 Lyui 17930.1 0.693928 45040 2654.81 440
100 10 50 10 24 Simple 2219.06 0.819436 3959.93 665.896 500
100 10 100 10 24 DRAND 21407.6 0.750943 43438.4 4780.74 500
100 10 100 10 24 Lobats 3128.06 0.839602 5299.95 848.562 498
100 10 100 10 24 LocalVoting 2472.4 0.847572 3871.16 704.492 500
100 10 100 10 24 LQF 2769.95 0.889091 3624.11 735.516 500
100 10 100 10 24 Lyui 18119.7 0.712684 40336.4 2084.76 416
100 10 100 10 24 Simple 2476.32 0.787305 4656.68 573.108 500
100 10 200 10 24 DRAND 24156.8 0.761191 44700.3 3314.61 500
100 10 200 10 24 Lobats 3273.62 0.809954 5848.14 689.139 490
100 10 200 10 24 LocalVoting 2668.41 0.838467 4306.54 657.41 500
100 10 200 10 24 LQF 2920.5 0.873619 4038.58 719.454 500
100 10 200 10 24 Lyui 21263.5 0.701813 45744.4 1706.18 353
100 10 200 10 24 Simple 2977.66 0.77744 5663.35 579.856 500
100 10 10 10 25 DRAND 12195 0.884753 21226.5 7853.56 500
100 10 10 10 25 Lobats 3407.95 0.979465 4219.16 2403.73 500
100 10 10 10 25 LocalVoting 1757.83 0.895219 2488.6 908.394 500
100 10 10 10 25 LQF 2446.84 0.994399 2476.6 2066.8 500
100 10 10 10 25 Lyui 13539 0.82776 26283.2 5071.76 388
100 10 10 10 25 Simple 1666.35 0.893794 2622.83 886.194 500
100 10 20 10 25 DRAND 16697.6 0.761162 37491.2 7722.61 500
100 10 20 10 25 Lobats 3918.9 0.951122 5413.97 2410.51 500
100 10 20 10 25 LocalVoting 2135.85 0.875814 3092.41 887.534 500
100 10 20 10 25 LQF 3003.44 0.985683 3089.81 1845.31 500
100 10 20 10 25 Lyui 18124.5 0.732396 43316.6 5153.33 377
100 10 20 10 25 Simple 2041.69 0.866892 3364.57 891.554 500
100 10 50 10 25 DRAND 19040.6 0.757077 41058 6461.77 500
100 10 50 10 25 Lobats 3153.38 0.879853 4964.73 1080.25 500
100 10 50 10 25 LocalVoting 2344.34 0.844165 3643.77 776.81 500
100 10 50 10 25 LQF 2834.28 0.912659 3448.84 855.43 500
100 10 50 10 25 Lyui 19182.3 0.69021 48476.5 2611.64 434
100 10 50 10 25 Simple 2288.79 0.816586 4107.87 672.236 500
100 10 100 10 25 DRAND 21600.3 0.746801 44475.8 4603.12 500
100 10 100 10 25 Lobats 3285.35 0.832086 5605.46 854.274 496
100 10 100 10 25 LocalVoting 2496.2 0.844236 3941.96 698.528 500
100 10 100 10 25 LQF 2877.27 0.886336 3785.59 739.358 500
100 10 100 10 25 Lyui 18748 0.703421 42418.4 2008.26 408
100 10 100 10 25 Simple 2588.35 0.785687 4891.25 560.888 500
100 10 200 10 25 DRAND 24526.6 0.751546 46303.2 3252.49 500
100 10 200 10 25 Lobats 3375.65 0.807245 6052.57 699.898 491
100 10 200 10 25 LocalVoting 2789.11 0.835785 4532.48 674.944 500
100 10 200 10 25 LQF 3035.76 0.870058 4233.33 708.916 500
100 10 200 10 25 Lyui 22257.1 0.693972 48427 1767.1 327
100 10 200 10 25 Simple 3108.2 0.7746 5945.08 561.632 500
100 10 10 10 26 DRAND 12334.5 0.877294 21868.8 7533.51 500
100 10 10 10 26 Lobats 3497.91 0.978968 4310.26 2446.69 500
100 10 10 10 26 LocalVoting 1806.86 0.888751 2583.2 884.188 500
100 10 10 10 26 LQF 2535.57 0.993032 2570.61 2045.52 500
100 10 10 10 26 Lyui 13550.3 0.825061 26549.8 5116.81 388
100 10 10 10 26 Simple 1711.64 0.888552 2742.4 878.158 500
100 10 20 10 26 DRAND 17126.1 0.753575 39107.4 7722.11 500
100 10 20 10 26 Lobats 4024.26 0.953505 5555.85 2553.91 500
100 10 20 10 26 LocalVoting 2221.77 0.873038 3225.71 881.432 500
100 10 20 10 26 LQF 3107.54 0.984065 3205.41 1789.59 500
100 10 20 10 26 Lyui 18851.5 0.732569 45050.8 5228.71 370
100 10 20 10 26 Simple 2116.42 0.862171 3515 890.558 500
100 10 50 10 26 DRAND 19407.8 0.754533 42035.3 6609.2 500
100 10 50 10 26 Lobats 3269.32 0.880208 5144.56 1131.97 497
100 10 50 10 26 LocalVoting 2438.02 0.84351 3789.59 789.566 500
100 10 50 10 26 LQF 2968.27 0.910875 3625.23 853.358 500
100 10 50 10 26 Lyui 19237.6 0.691816 48407.9 2657.37 438
100 10 50 10 26 Simple 2397.29 0.812049 4326.96 674.1 500
100 10 100 10 26 DRAND 22152.5 0.748185 45944.7 4641.91 500
100 10 100 10 26 Lobats 3331.8 0.834061 5693.07 854.149 497
100 10 100 10 26 LocalVoting 2594.5 0.842453 4121.42 710.474 500
100 10 100 10 26 LQF 2958.1 0.884619 3918.17 776.106 500
100 10 100 10 26 Lyui 19644.5 0.704827 44680.1 2149.97 416
100 10 100 10 26 Simple 2648.53 0.787107 4976 568.488 500
100 10 200 10 26 DRAND 25882.5 0.750591 48672.2 3160.29 500
100 10 200 10 26 Lobats 3508.36 0.809894 6265.92 702.563 490
100 10 200 10 26 LocalVoting 2794.85 0.833291 4583.42 669.882 500
100 10 200 10 26 LQF 3154.38 0.871028 4406.04 716.838 500
100 10 200 10 26 Lyui 22184.7 0.699627 47963 1577.45 328
100 10 200 10 26 Simple 3159.98 0.775429 6045.36 555.094 500
100 10 10 10 27 DRAND 12382.1 0.8735 22228.6 7420.6 500
100 10 10 10 27 Lobats 3596.57 0.97865 4434.87 2370.04 500
100 10 10 10 27 LocalVoting 1860.03 0.882672 2676.4 863.046 500
100 10 10 10 27 LQF 2635.01 0.993193 2670.81 2098.21 500
100 10 10 10 27 Lyui 13423.1 0.829263 26244.6 4963.59 383
100 10 10 10 27 Simple 1761.88 0.883619 2880.96 889.242 500
100 10 20 10 27 DRAND 17639.2 0.744821 40948.1 7835.03 500
100 10 20 10 27 Lobats 4177.39 0.950735 5776.76 2493.42 499
100 10 20 10 27 LocalVoting 2278.75 0.87076 3339.36 886.55 500
100 10 20 10 27 LQF 3244.74 0.984176 3344.41 1903.1 500
100 10 20 10 27 Lyui 19007.4 0.724399 46470.4 5063.52 370
100 10 20 10 27 Simple 2166.82 0.854908 3655.97 863.342 500
100 10 50 10 27 DRAND 19723 0.750572 43315.2 6399.57 500
100 10 50 10 27 Lobats 3330.52 0.877013 5308.8 1138.46 500
100 10 50 10 27 LocalVoting 2527.31 0.840674 3949.79 771.11 500
100 10 50 10 27 LQF 3042.14 0.909676 3733.36 873.35 500
100 10 50 10 27 Lyui 19569.7 0.684271 50041.2 2571.61 428
100 10 50 10 27 Simple 2447.54 0.808163 4463.15 673.346 500
100 10 100 10 27 DRAND 22603.7 0.745641 47207.8 4683.15 500
100 10 100 10 27 Lobats 3421.04 0.829148 5897.43 832.736 496
100 10 100 10 27 LocalVoting 2705.18 0.842751 4307.48 722.132 500
100 10 100 10 27 LQF 3079.78 0.884806 4070.4 776.91 500
100 10 100 10 27 Lyui 19836.4 0.703203 45167.1 1967.5 417
100 10 100 10 27 Simple 2739.93 0.78314 5202.23 577.782 500
100 10 200 10 27 DRAND 26661.2 0.751091 50180 3013.5 500
100 10 200 10 27 Lobats 3640.46 0.804443 6558.55 700.245 493
100 10 200 10 27 LocalVoting 2901.26 0.83563 4752.6 692.93 500
100 10 200 10 27 LQF 3220.37 0.868533 4499.58 718.118 500
100 10 200 10 27 Lyui 24069.6 0.69552 52849.1 1573.3 342
100 10 200 10 27 Simple 3234.03 0.775202 6226.34 557.486 500
100 10 10 10 28 DRAND 12586.3 0.870757 22668.2 7571.02 500
100 10 10 10 28 Lobats 3701.14 0.9789 4544.35 2407.22 500
100 10 10 10 28 LocalVoting 1922.58 0.880167 2782.6 879.156 500
100 10 10 10 28 LQF 2731 0.992899 2769.02 2156.26 500
100 10 10 10 28 Lyui 13686.4 0.82488 26821.9 5043.51 371
100 10 10 10 28 Simple 1810.72 0.877542 3007.32 871.156 500
100 10 20 10 28 DRAND 17640.3 0.743119 41308 7628.06 500
100 10 20 10 28 Lobats 4298.35 0.951311 5963.91 2579.78 500
100 10 20 10 28 LocalVoting 2358.42 0.869458 3465.36 891.6 500
100 10 20 10 28 LQF 3344.97 0.985135 3444.21 1972.34 500
100 10 20 10 28 Lyui 19652.3 0.715244 48272 4960.76 379
100 10 20 10 28 Simple 2229.96 0.851745 3809.39 875.502 500
100 10 50 10 28 DRAND 19870.9 0.752037 43740.5 6296.21 500
100 10 50 10 28 Lobats 3446.03 0.873838 5504.52 1124.09 500
100 10 50 10 28 LocalVoting 2604.82 0.837767 4118.21 787.968 500
100 10 50 10 28 LQF 3167 0.908713 3894.05 858.728 500
100 10 50 10 28 Lyui 20303 0.669116 53398.6 2434.19 410
100 10 50 10 28 Simple 2518.55 0.805248 4624.67 695.85 500
100 10 100 10 28 DRAND 23023.2 0.741212 48516.7 4420.74 500
100 10 100 10 28 Lobats 3532.44 0.830957 6061.09 855.239 498
100 10 100 10 28 LocalVoting 2777.77 0.840053 4433.97 735.488 500
100 10 100 10 28 LQF 3137.48 0.88312 4182.47 770.794 500
100 10 100 10 28 Lyui 21136.7 0.692662 49122.5 2005.35 422
100 10 100 10 28 Simple 2775.58 0.781295 5326.74 579.586 500
100 10 200 10 28 DRAND 26694.9 0.746319 50993.3 3125.34 500
100 10 200 10 28 Lobats 3665.5 0.806466 6621.17 700.335 486
100 10 200 10 28 LocalVoting 3025.07 0.829984 4971.83 685.324 500
100 10 200 10 28 LQF 3311.65 0.866217 4668.79 712.438 500
100 10 200 10 28 Lyui 24769.4 0.691299 54390.8 1783.37 326
100 10 200 10 28 Simple 3330.87 0.77143 6400.12 563.278 500
100 10 10 10 29 DRAND 12611.8 0.868683 22811.4 7646.32 500
100 10 10 10 29 Lobats 3821.16 0.97931 4688.09 2660.3 500
100 10 10 10 29 LocalVoting 1969.94 0.875909 2878.8 871.124 500
100 10 10 10 29 LQF 2836.92 0.993907 2872.81 2298.9 500
100 10 10 10 29 Lyui 13922.9 0.816863 27649.4 4920.96 356
100 10 10 10 29 Simple 1862.62 0.871835 3130.4 882.178 500
100 10 20 10 29 DRAND 18804.6 0.721663 45583.3 7553.05 500
100 10 20 10 29 Lobats 4390.92 0.949677 6094.69 2573.16 500
100 10 20 10 29 LocalVoting 2412.25 0.865696 3586.2 879.45 500
100 10 20 10 29 LQF 3449.68 0.984308 3556.21 1889.28 500
100 10 20 10 29 Lyui 19821.4 0.712791 49690.6 4971.94 354
100 10 20 10 29 Simple 2278.89 0.847222 3936.78 855.242 500
100 10 50 10 29 DRAND 20494 0.745101 45855.6 6076.17 500
100 10 50 10 29 Lobats 3559.1 0.873149 5671.68 1143.18 500
100 10 50 10 29 LocalVoting 2656 0.834611 4224.45 780.094 500
100 10 50 10 29 LQF 3230.69 0.905668 4005.25 877.582 500
100 10 50 10 29 Lyui 20140.1 0.671769 53237.2 2450.86 413
100 10 50 10 29 Simple 2606.29 0.806779 4767.23 711.094 500
100 10 100 10 29 DRAND 23431.8 0.734891 49824.3 4606.23 500
100 10 100 10 29 Lobats 3567.07 0.82786 6173.79 844.018 499
100 10 100 10 29 LocalVoting 2836.54 0.836898 4573.3 717.356 500
100 10 100 10 29 LQF 3238.38 0.88142 4324.94 775.338 500
100 10 100 10 29 Lyui 21273.3 0.696624 49358.6 2072.48 429
100 10 100 10 29 Simple 2903.73 0.780768 5531.04 581.432 500
100 10 200 10 29 DRAND 27638.5 0.746465 52934.9 3131.43 500
100 10 200 10 29 Lobats 3821.86 0.805854 6893.63 700.408 488
100 10 200 10 29 LocalVoting 3058.25 0.828363 5064.34 678.498 500
100 10 200 10 29 LQF 3478.14 0.867496 4888.69 749.158 500
100 10 200 10 29 Lyui 25262.5 0.69095 55829.3 1659.02 347
100 10 200 10 29 Simple 3504.2 0.775673 6714.23 565.548 500
100 10 10 10 30 DRAND 12671.8 0.866236 23087.7 7457.62 500
100 10 10 10 30 Lobats 3922.4 0.979376 4842.69 2721.41 500
100 10 10 10 30 LocalVoting 2062.62 0.868606 2978.2 870.1 500
100 10 10 10 30 LQF 2923.75 0.992438 2965.8 2256.28 500
100 10 10 10 30 Lyui 13843 0.816834 27963.4 4840.69 391
100 10 10 10 30 Simple 1915.68 0.865746 3248.25 878.166 500
100 10 20 10 30 DRAND 18494.7 0.728803 44519.4 7439.2 500
100 10 20 10 30 Lobats 4501.4 0.951295 6251.05 2798.18 500
100 10 20 10 30 LocalVoting 2494.09 0.86352 3732.72 867.374 500
100 10 20 10 30 LQF 3609.36 0.983484 3723.6 1960.7 500
100 10 20 10 30 Lyui 19821.1 0.706679 50560.2 4626.66 376
100 10 20 10 30 Simple 2368.62 0.841231 4158.76 878.56 500
100 10 50 10 30 DRAND 21041.5 0.737765 47389.5 6209.26 500
100 10 50 10 30 Lobats 3665.33 0.871943 5867.9 1135.16 500
100 10 50 10 30 LocalVoting 2780.17 0.834664 4421.06 801.102 500
100 10 50 10 30 LQF 3361.78 0.906555 4149.72 874.9 500
100 10 50 10 30 Lyui 20337.5 0.676374 53398 2499.05 413
100 10 50 10 30 Simple 2654.61 0.803709 4893.16 707.04 500
100 10 100 10 30 DRAND 24116.5 0.737743 51420.2 4565.87 500
100 10 100 10 30 Lobats 3682.3 0.826415 6381.76 849.25 496
100 10 100 10 30 LocalVoting 2908.99 0.833475 4721.84 724.906 500
100 10 100 10 30 LQF 3331.9 0.88238 4457.9 775.232 500
100 10 100 10 30 Lyui 21497.8 0.692897 50303.8 1969.43 409
100 10 100 10 30 Simple 2939.91 0.782409 5600.04 579.728 500
100 10 200 10 30 DRAND 28693.1 0.740261 55384.2 3057.09 500
100 10 200 10 30 Lobats 3859.85 0.801501 6995.14 719.281 494
100 10 200 10 30 LocalVoting 3175.5 0.829056 5264.54 701.59 500
100 10 200 10 30 LQF 3612.57 0.867986 5081.55 755.944 500
100 10 200 10 30 Lyui 26800.6 0.695214 58797.6 1708.83 326
100 10 200 10 30 Simple 3519.32 0.767745 6829.42 569.296 500
