l 10 0.0001 0.769231 1.28234
l 10 0.0001778279 0.769231 1.26849
l 10 0.0003162278 0.769231 1.24178
l 10 0.0005623413 0.769231 1.19855
l 10 0.001 0.769231 1.14175
l 10 0.0017782794 0.769231 1.05316
l 10 0.0031622777 0.769231 0.905684
l 10 0.0056234133 0.769231 0.722397
l 10 0.01 0.769231 0.566185
l 10 0.0177827941 0.769231 0.46712
l 10 0.0316227766 0.769231 0.420818
l 10 0.0562341325 0.769231 0.403678
l 10 0.1 0.769231 0.39901
q 10 0.0001 0.769231 1.28179
q 10 0.0001778279 0.769231 1.26738
q 10 0.0003162278 0.769231 1.24045
q 10 0.0005623413 0.769231 1.19619
q 10 0.001 0.769231 1.13617
q 10 0.0017782794 0.769231 1.0368
q 10 0.0031622777 0.769231 0.833261
q 10 0.0056234133 0.769231 0.51549
q 10 0.01 0.769231 0.272924
q 10 0.0177827941 0.769231 0.115559
q 10 0.0316227766 0.769231 0.0387596
q 10 0.0562341325 0.769231 0.0126694
q 10 0.1 0.769231 0.00493734
s 10 0.0001 0.769231 0.520398
s 10 0.0001778279 0.769231 0.520238
s 10 0.0003162278 0.769231 0.517975
s 10 0.0005623413 0.769231 0.515017
s 10 0.001 0.769231 0.509993
s 10 0.0017782794 0.769231 0.498779
s 10 0.0031622777 0.769231 0.471717
s 10 0.0056234133 0.769231 0.441398
s 10 0.01 0.769231 0.420797
s 10 0.0177827941 0.769231 0.406259
s 10 0.0316227766 0.769231 0.39762
s 10 0.0562341325 0.769231 0.395002
s 10 0.1 0.769231 0.395577
l 10 0.0001 1 0.00273445
l 10 0.0001778279 1 0.00409697
l 10 0.0003162278 1 0.00637577
l 10 0.0005623413 1 0.00846236
l 10 0.001 1 0.0106163
l 10 0.0017782794 1 0.0117398
l 10 0.0031622777 1 0.0110032
l 10 0.0056234133 1 0.00753224
l 10 0.01 1 0.00461902
l 10 0.0177827941 1 0.00273694
l 10 0.0316227766 1 0.00164563
l 10 0.0562341325 1 0.00108158
l 10 0.1 1 0.000590882
l 10 0.0001 1.3 0.000204982
l 10 0.0001778279 1.3 0.000338628
l 10 0.0003162278 1.3 0.000601639
l 10 0.0005623413 1.3 0.00101146
l 10 0.001 1.3 0.00158201
l 10 0.0017782794 1.3 0.00219457
l 10 0.0031622777 1.3 0.00198228
l 10 0.0056234133 1.3 0.0012185
l 10 0.01 1.3 0.00078412
l 10 0.0177827941 1.3 0.000514916
l 10 0.0316227766 1.3 0.000340014
l 10 0.0562341325 1.3 0.000172547
l 10 0.1 1.3 7.90512e-05
l 10 0.0001 1.69 0.0021264
l 10 0.0001778279 1.69 0.00335692
l 10 0.0003162278 1.69 0.0048907
l 10 0.0005623413 1.69 0.00607565
l 10 0.001 1.69 0.00697962
l 10 0.0017782794 1.69 0.00745333
l 10 0.0031622777 1.69 0.00709804
l 10 0.0056234133 1.69 0.00415195
l 10 0.01 1.69 0.00215024
l 10 0.0177827941 1.69 0.00112371
l 10 0.0316227766 1.69 0.000582238
l 10 0.0562341325 1.69 0.000274094
l 10 0.1 1.69 0.00013147
q 10 0.0001 1.69 0.00329309
q 10 0.0001778279 1.69 0.00502646
q 10 0.0003162278 1.69 0.00738175
q 10 0.0005623413 1.69 0.00900805
q 10 0.001 1.69 0.0101478
q 10 0.0017782794 1.69 0.0105062
q 10 0.0031622777 1.69 0.0107372
q 10 0.0056234133 1.69 0.00663575
q 10 0.01 1.69 0.00335582
q 10 0.0177827941 1.69 0.00163752
q 10 0.0316227766 1.69 0.000786242
q 10 0.0562341325 1.69 0.000460541
q 10 0.1 1.69 0.000252554
s 10 0.0001 1.69 0.121355
s 10 0.0001778279 1.69 0.121744
s 10 0.0003162278 1.69 0.124151
s 10 0.0005623413 1.69 0.127806
s 10 0.001 1.69 0.134335
s 10 0.0017782794 1.69 0.150836
s 10 0.0031622777 1.69 0.174402
s 10 0.0056234133 1.69 0.187818
s 10 0.01 1.69 0.190832
s 10 0.0177827941 1.69 0.191267
s 10 0.0316227766 1.69 0.193266
s 10 0.0562341325 1.69 0.201877
s 10 0.1 1.69 0.208932
l 10 0.0001 2.197 0.00014979
l 10 0.0001778279 2.197 0.000259688
l 10 0.0003162278 2.197 0.000487374
l 10 0.0005623413 2.197 0.000910694
l 10 0.001 2.197 0.0015128
l 10 0.0017782794 2.197 0.00241825
l 10 0.0031622777 2.197 0.00265447
l 10 0.0056234133 2.197 0.00172359
l 10 0.01 2.197 0.001063
l 10 0.0177827941 2.197 0.00062816
l 10 0.0316227766 2.197 0.000355329
l 10 0.0562341325 2.197 0.000170417
l 10 0.1 2.197 8.78298e-05
q 10 0.0001 2.197 0.000192315
q 10 0.0001778279 2.197 0.000334337
q 10 0.0003162278 2.197 0.000578544
q 10 0.0005623413 2.197 0.000989888
q 10 0.001 2.197 0.0015439
q 10 0.0017782794 2.197 0.00224495
q 10 0.0031622777 2.197 0.00265489
q 10 0.0056234133 2.197 0.00175618
q 10 0.01 2.197 0.00104676
q 10 0.0177827941 2.197 0.000571928
q 10 0.0316227766 2.197 0.000270921
q 10 0.0562341325 2.197 0.000145684
q 10 0.1 2.197 7.34905e-05
s 10 0.0001 2.197 0.0799889
s 10 0.0001778279 2.197 0.0833894
s 10 0.0003162278 2.197 0.0774134
s 10 0.0005623413 2.197 0.0800797
s 10 0.001 2.197 0.0783677
s 10 0.0017782794 2.197 0.073123
s 10 0.0031622777 2.197 0.0658169
s 10 0.0056234133 2.197 0.062231
s 10 0.01 2.197 0.0628115
s 10 0.0177827941 2.197 0.0590082
s 10 0.0316227766 2.197 0.0565977
s 10 0.0562341325 2.197 0.0592172
s 10 0.1 2.197 0.0554494
l 10 0.0001 2.8561 4.39829e-05
l 10 0.0001778279 2.8561 7.29061e-05
l 10 0.0003162278 2.8561 0.000152128
l 10 0.0005623413 2.8561 0.000303263
l 10 0.001 2.8561 0.000552849
l 10 0.0017782794 2.8561 0.00101249
l 10 0.0031622777 2.8561 0.00114596
l 10 0.0056234133 2.8561 0.000809576
l 10 0.01 2.8561 0.000583141
l 10 0.0177827941 2.8561 0.000397505
l 10 0.0316227766 2.8561 0.000238259
l 10 0.0562341325 2.8561 0.000113534
l 10 0.1 2.8561 5.80396e-05
l 10 0.0001 3.71293 4.70094e-05
l 10 0.0001778279 3.71293 8.83845e-05
l 10 0.0003162278 3.71293 0.000187666
l 10 0.0005623413 3.71293 0.000366906
l 10 0.001 3.71293 0.000645603
l 10 0.0017782794 3.71293 0.00120465
l 10 0.0031622777 3.71293 0.00158678
l 10 0.0056234133 3.71293 0.00115332
l 10 0.01 3.71293 0.00077163
l 10 0.0177827941 3.71293 0.000478566
l 10 0.0316227766 3.71293 0.000267531
l 10 0.0562341325 3.71293 0.000129295
l 10 0.1 3.71293 7.0373e-05
q 10 0.0001 3.71293 9.89684e-05
q 10 0.0001778279 3.71293 0.000181386
q 10 0.0003162278 3.71293 0.000325553
q 10 0.0005623413 3.71293 0.000578666
q 10 0.001 3.71293 0.000934861
q 10 0.0017782794 3.71293 0.00146947
q 10 0.0031622777 3.71293 0.00187682
q 10 0.0056234133 3.71293 0.00122503
q 10 0.01 3.71293 0.00071038
q 10 0.0177827941 3.71293 0.000373402
q 10 0.0316227766 3.71293 0.000179752
q 10 0.0562341325 3.71293 8.93721e-05
q 10 0.1 3.71293 4.90288e-05
s 10 0.0001 3.71293 0.0308938
s 10 0.0001778279 3.71293 0.0288624
s 10 0.0003162278 3.71293 0.0308561
s 10 0.0005623413 3.71293 0.0295212
s 10 0.001 3.71293 0.0288901
s 10 0.0017782794 3.71293 0.0271223
s 10 0.0031622777 3.71293 0.0254525
s 10 0.0056234133 3.71293 0.0249075
s 10 0.01 3.71293 0.025262
s 10 0.0177827941 3.71293 0.028103
s 10 0.0316227766 3.71293 0.0284419
s 10 0.0562341325 3.71293 0.0257786
s 10 0.1 3.71293 0.0239399
l 10 0.0001 4.82681 2.57532e-05
l 10 0.0001778279 4.82681 4.64895e-05
l 10 0.0003162278 4.82681 9.67309e-05
l 10 0.0005623413 4.82681 0.000182195
l 10 0.001 4.82681 0.00032484
l 10 0.0017782794 4.82681 0.000650298
l 10 0.0031622777 4.82681 0.000952222
l 10 0.0056234133 4.82681 0.000757543
l 10 0.01 4.82681 0.000555345
l 10 0.0177827941 4.82681 0.000367543
l 10 0.0316227766 4.82681 0.000211616
l 10 0.0562341325 4.82681 9.99982e-05
l 10 0.1 4.82681 5.28562e-05
q 10 0.0001 4.82681 1.81621e-05
q 10 0.0001778279 4.82681 3.56951e-05
q 10 0.0003162278 4.82681 6.70098e-05
q 10 0.0005623413 4.82681 0.000126008
q 10 0.001 4.82681 0.000218333
q 10 0.0017782794 4.82681 0.000384275
q 10 0.0031622777 4.82681 0.000566302
q 10 0.0056234133 4.82681 0.000384104
q 10 0.01 4.82681 0.000223325
q 10 0.0177827941 4.82681 0.000117382
q 10 0.0316227766 4.82681 5.81023e-05
q 10 0.0562341325 4.82681 2.72032e-05
q 10 0.1 4.82681 1.48469e-05
s 10 0.0001 4.82681 0.000754777
s 10 0.0001778279 4.82681 0.000754565
s 10 0.0003162278 4.82681 0.00100786
s 10 0.0005623413 4.82681 0.00125545
s 10 0.001 4.82681 0.00138124
s 10 0.0017782794 4.82681 0.00138195
s 10 0.0031622777 4.82681 0.00150084
s 10 0.0056234133 4.82681 0.00180657
s 10 0.01 4.82681 0.00246641
s 10 0.0177827941 4.82681 0.00315915
s 10 0.0316227766 4.82681 0.00336523
s 10 0.0562341325 4.82681 0.0027456
s 10 0.1 4.82681 0.0023638
l 10 0.0001 6.27485 2.13331e-05
l 10 0.0001778279 6.27485 4.12376e-05
l 10 0.0003162278 6.27485 8.70757e-05
l 10 0.0005623413 6.27485 0.000156754
l 10 0.001 6.27485 0.000261711
l 10 0.0017782794 6.27485 0.000520596
l 10 0.0031622777 6.27485 0.00082798
l 10 0.0056234133 6.27485 0.000681209
l 10 0.01 6.27485 0.000502921
l 10 0.0177827941 6.27485 0.000331526
l 10 0.0316227766 6.27485 0.000188843
l 10 0.0562341325 6.27485 8.85779e-05
l 10 0.1 6.27485 4.87133e-05
q 10 0.0001 6.27485 2.74754e-05
q 10 0.0001778279 6.27485 5.35461e-05
q 10 0.0003162278 6.27485 0.000101888
q 10 0.0005623413 6.27485 0.000185567
q 10 0.001 6.27485 0.000312072
q 10 0.0017782794 6.27485 0.000538944
q 10 0.0031622777 6.27485 0.000800822
q 10 0.0056234133 6.27485 0.000548999
q 10 0.01 6.27485 0.000327205
q 10 0.0177827941 6.27485 0.000173275
q 10 0.0316227766 6.27485 8.3022e-05
q 10 0.0562341325 6.27485 3.88221e-05
q 10 0.1 6.27485 2.11048e-05
s 10 0.0001 6.27485 0.00393277
s 10 0.0001778279 6.27485 0.00429863
s 10 0.0003162278 6.27485 0.00386859
s 10 0.0005623413 6.27485 0.00392493
s 10 0.001 6.27485 0.0037557
s 10 0.0017782794 6.27485 0.00344595
s 10 0.0031622777 6.27485 0.00349035
s 10 0.0056234133 6.27485 0.00382109
s 10 0.01 6.27485 0.00446146
s 10 0.0177827941 6.27485 0.00505358
s 10 0.0316227766 6.27485 0.00539523
s 10 0.0562341325 6.27485 0.00491579
s 10 0.1 6.27485 0.00474643
l 10 0.0001778279 8.15731 3.95649e-05
l 10 0.0001 8.15731 2.10087e-05
l 10 0.0003162278 8.15731 7.95806e-05
l 10 0.0005623413 8.15731 0.000135146
l 10 0.0017782794 8.15731 0.000401826
l 10 0.001 8.15731 0.000213167
l 10 0.0031622777 8.15731 0.000681239
l 10 0.0056234133 8.15731 0.000595768
l 10 0.0177827941 8.15731 0.000301191
l 10 0.01 8.15731 0.000452507
l 10 0.0316227766 8.15731 0.000170887
l 10 0.0562341325 8.15731 7.96927e-05
l 10 0.1 8.15731 4.32777e-05
q 10 0.0001778279 8.15731 3.78445e-05
q 10 0.0001 8.15731 2.19832e-05
q 10 0.0003162278 8.15731 7.46108e-05
q 10 0.0005623413 8.15731 0.000128032
q 10 0.0017782794 8.15731 0.000359599
q 10 0.001 8.15731 0.000211065
q 10 0.0031622777 8.15731 0.00053115
q 10 0.0056234133 8.15731 0.000377342
q 10 0.0177827941 8.15731 0.000127718
q 10 0.01 8.15731 0.000234848
q 10 0.0316227766 8.15731 6.04855e-05
q 10 0.0562341325 8.15731 2.80439e-05
q 10 0.1 8.15731 1.46926e-05
s 10 0.0001778279 8.15731 0.00313635
s 10 0.0001 8.15731 0.00344296
s 10 0.0003162278 8.15731 0.0034362
s 10 0.0005623413 8.15731 0.00305535
s 10 0.0017782794 8.15731 0.00278622
s 10 0.001 8.15731 0.00278467
s 10 0.0031622777 8.15731 0.0025708
s 10 0.0056234133 8.15731 0.002826
s 10 0.0177827941 8.15731 0.00339376
s 10 0.01 8.15731 0.00299375
s 10 0.0316227766 8.15731 0.00373808
s 10 0.0562341325 8.15731 0.00340679
s 10 0.1 8.15731 0.00368759
l 10 0.0001 10.6045 2.35511e-05
l 10 0.0001778279 10.6045 4.3267e-05
l 10 0.0003162278 10.6045 8.74768e-05
l 10 0.0005623413 10.6045 0.000142208
l 10 0.001 10.6045 0.00021585
l 10 0.0017782794 10.6045 0.000378864
l 10 0.0031622777 10.6045 0.000656986
l 10 0.0056234133 10.6045 0.000593892
l 10 0.01 10.6045 0.000448379
l 10 0.0177827941 10.6045 0.000293388
l 10 0.0316227766 10.6045 0.000163659
l 10 0.0562341325 10.6045 7.53668e-05
l 10 0.1 10.6045 4.13517e-05
q 10 0.0001 10.6045 2.8248e-05
q 10 0.0001778279 10.6045 5.22381e-05
q 10 0.0003162278 10.6045 0.000100025
q 10 0.0005623413 10.6045 0.00017384
q 10 0.001 10.6045 0.000280239
q 10 0.0017782794 10.6045 0.000471232
q 10 0.0031622777 10.6045 0.000708066
q 10 0.0056234133 10.6045 0.000515427
q 10 0.01 10.6045 0.000337441
q 10 0.0177827941 10.6045 0.000183339
q 10 0.0316227766 10.6045 8.61542e-05
q 10 0.0562341325 10.6045 3.93657e-05
q 10 0.1 10.6045 2.12134e-05
s 10 0.0001 10.6045 0.00170806
s 10 0.0001778279 10.6045 0.00165198
s 10 0.0003162278 10.6045 0.00167032
s 10 0.0005623413 10.6045 0.00161947
s 10 0.001 10.6045 0.00152853
s 10 0.0017782794 10.6045 0.00147773
s 10 0.0031622777 10.6045 0.00165818
s 10 0.0056234133 10.6045 0.00194667
s 10 0.01 10.6045 0.00209726
s 10 0.0177827941 10.6045 0.00218052
s 10 0.0316227766 10.6045 0.00233346
s 10 0.0562341325 10.6045 0.00250627
s 10 0.1 10.6045 0.00263664
l 10 0.0001 13.7858 1.77247e-05
l 10 0.0001778279 13.7858 3.36075e-05
l 10 0.0003162278 13.7858 6.70325e-05
l 10 0.0005623413 13.7858 0.00011047
l 10 0.001 13.7858 0.000165113
l 10 0.0017782794 13.7858 0.000278398
l 10 0.0031622777 13.7858 0.00050466
l 10 0.0056234133 13.7858 0.000483579
l 10 0.01 13.7858 0.000376007
l 10 0.0177827941 13.7858 0.000249183
l 10 0.0316227766 13.7858 0.000140006
l 10 0.0562341325 13.7858 6.5503e-05
l 10 0.1 13.7858 3.49783e-05
q 10 0.0001 13.7858 1.88138e-05
q 10 0.0001778279 13.7858 3.60986e-05
q 10 0.0003162278 13.7858 6.92543e-05
q 10 0.0005623413 13.7858 0.000117739
q 10 0.001 13.7858 0.000187935
q 10 0.0017782794 13.7858 0.000311022
q 10 0.0031622777 13.7858 0.00047823
q 10 0.0056234133 13.7858 0.000370541
q 10 0.01 13.7858 0.000242157
q 10 0.0177827941 13.7858 0.000133812
q 10 0.0316227766 13.7858 6.33116e-05
q 10 0.0562341325 13.7858 2.83937e-05
q 10 0.1 13.7858 1.50276e-05
s 10 0.0001 13.7858 0.000770843
s 10 0.0001778279 13.7858 0.000777118
s 10 0.0003162278 13.7858 0.000799586
s 10 0.0005623413 13.7858 0.000730841
s 10 0.001 13.7858 0.000745015
s 10 0.0017782794 13.7858 0.000751793
s 10 0.0031622777 13.7858 0.0008495
s 10 0.0056234133 13.7858 0.000971095
s 10 0.01 13.7858 0.000956515
s 10 0.0177827941 13.7858 0.00095722
s 10 0.0316227766 13.7858 0.000995719
s 10 0.0562341325 13.7858 0.00104565
s 10 0.1 13.7858 0.00103079
l 10 0.0001 17.9216 1.67138e-05
l 10 0.0001778279 17.9216 3.15512e-05
l 10 0.0003162278 17.9216 6.1087e-05
l 10 0.0005623413 17.9216 0.000103123
l 10 0.001 17.9216 0.000148348
l 10 0.0017782794 17.9216 0.000237097
l 10 0.0031622777 17.9216 0.000437018
l 10 0.0056234133 17.9216 0.000437953
l 10 0.01 17.9216 0.000347596
l 10 0.0177827941 17.9216 0.000230899
l 10 0.0316227766 17.9216 0.000127805
l 10 0.0562341325 17.9216 6.07284e-05
l 10 0.1 17.9216 3.19516e-05
q 10 0.0001 17.9216 1.76203e-05
q 10 0.0001778279 17.9216 3.15688e-05
q 10 0.0003162278 17.9216 5.89155e-05
q 10 0.0005623413 17.9216 0.000102468
q 10 0.001 17.9216 0.000158306
q 10 0.0017782794 17.9216 0.000259102
q 10 0.0031622777 17.9216 0.000414527
q 10 0.0056234133 17.9216 0.000330304
q 10 0.01 17.9216 0.000223446
q 10 0.0177827941 17.9216 0.000123709
q 10 0.0316227766 17.9216 5.885e-05
q 10 0.0562341325 17.9216 2.5545e-05
q 10 0.1 17.9216 1.37031e-05
s 10 0.0001 17.9216 0.000406917
s 10 0.0001778279 17.9216 0.000446276
s 10 0.0003162278 17.9216 0.000408286
s 10 0.0005623413 17.9216 0.000394654
s 10 0.001 17.9216 0.000418715
s 10 0.0017782794 17.9216 0.000426093
s 10 0.0031622777 17.9216 0.000504336
s 10 0.0056234133 17.9216 0.00054882
s 10 0.01 17.9216 0.000535741
s 10 0.0177827941 17.9216 0.000477905
s 10 0.0316227766 17.9216 0.000462463
s 10 0.0562341325 17.9216 0.000447716
s 10 0.1 17.9216 0.000499005
l 10 0.0001 23.2981 1.5261e-05
l 10 0.0001778279 23.2981 3.04635e-05
l 10 0.0003162278 23.2981 5.66146e-05
l 10 0.0005623413 23.2981 9.15432e-05
l 10 0.001 23.2981 0.000132333
l 10 0.0017782794 23.2981 0.000205129
l 10 0.0031622777 23.2981 0.000379924
l 10 0.0056234133 23.2981 0.000395739
l 10 0.01 23.2981 0.000317863
l 10 0.0177827941 23.2981 0.000210745
l 10 0.0316227766 23.2981 0.00011665
l 10 0.0562341325 23.2981 5.54502e-05
l 10 0.1 23.2981 2.92489e-05
q 10 0.0001 23.2981 1.59619e-05
q 10 0.0001778279 23.2981 3.11004e-05
q 10 0.0003162278 23.2981 5.70962e-05
q 10 0.0005623413 23.2981 9.63412e-05
q 10 0.001 23.2981 0.000148111
q 10 0.0017782794 23.2981 0.000241135
q 10 0.0031622777 23.2981 0.000401864
q 10 0.0056234133 23.2981 0.000332845
q 10 0.01 23.2981 0.000227593
q 10 0.0177827941 23.2981 0.00012729
q 10 0.0316227766 23.2981 5.88708e-05
q 10 0.0562341325 23.2981 2.53937e-05
q 10 0.1 23.2981 1.35768e-05
s 10 0.0001 23.2981 0.000234129
s 10 0.0001778279 23.2981 0.000194382
s 10 0.0003162278 23.2981 0.000240614
s 10 0.0005623413 23.2981 0.000249904
s 10 0.001 23.2981 0.000257414
s 10 0.0017782794 23.2981 0.000296616
s 10 0.0031622777 23.2981 0.000295782
s 10 0.0056234133 23.2981 0.000305729
s 10 0.01 23.2981 0.000277649
s 10 0.0177827941 23.2981 0.000230438
s 10 0.0316227766 23.2981 0.000228227
s 10 0.0562341325 23.2981 0.000170868
s 10 0.1 23.2981 0.00021082
l 10 0.0001 30.2875 1.33457e-05
l 10 0.0001778279 30.2875 2.55992e-05
l 10 0.0003162278 30.2875 4.90739e-05
l 10 0.0005623413 30.2875 8.2051e-05
l 10 0.001 30.2875 0.000115362
l 10 0.0017782794 30.2875 0.000172689
l 10 0.0031622777 30.2875 0.000320485
l 10 0.0056234133 30.2875 0.000349228
l 10 0.01 30.2875 0.00028589
l 10 0.0177827941 30.2875 0.000189698
l 10 0.0316227766 30.2875 0.00010666
l 10 0.0562341325 30.2875 5.06305e-05
l 10 0.1 30.2875 2.689e-05
q 10 0.0001 30.2875 1.46481e-05
q 10 0.0001778279 30.2875 2.66366e-05
q 10 0.0003162278 30.2875 4.75291e-05
q 10 0.0005623413 30.2875 8.28375e-05
q 10 0.001 30.2875 0.00012522
q 10 0.0017782794 30.2875 0.000202806
q 10 0.0031622777 30.2875 0.000355532
q 10 0.0056234133 30.2875 0.000305995
q 10 0.01 30.2875 0.000211822
q 10 0.0177827941 30.2875 0.000120124
q 10 0.0316227766 30.2875 5.61839e-05
q 10 0.0562341325 30.2875 2.35158e-05
q 10 0.1 30.2875 1.24801e-05
s 10 0.0001 30.2875 0.000115579
s 10 0.0001778279 30.2875 0.000117808
s 10 0.0003162278 30.2875 0.000132858
s 10 0.0005623413 30.2875 0.000113586
s 10 0.001 30.2875 0.000145473
s 10 0.0017782794 30.2875 0.000156328
s 10 0.0031622777 30.2875 0.000152284
s 10 0.0056234133 30.2875 0.000132674
s 10 0.01 30.2875 0.000109838
s 10 0.0177827941 30.2875 0.000103421
s 10 0.0316227766 30.2875 9.12042e-05
s 10 0.0562341325 30.2875 8.39726e-05
s 10 0.1 30.2875 7.84066e-05
l 10 0.0001 39.3738 1.19653e-05
l 10 0.0001778279 39.3738 2.2252e-05
l 10 0.0003162278 39.3738 4.29387e-05
l 10 0.0005623413 39.3738 7.07776e-05
l 10 0.001 39.3738 0.000102248
l 10 0.0017782794 39.3738 0.000147583
l 10 0.0031622777 39.3738 0.000271305
l 10 0.0056234133 39.3738 0.00031028
l 10 0.01 39.3738 0.000259188
l 10 0.0177827941 39.3738 0.000174234
l 10 0.0316227766 39.3738 9.79519e-05
l 10 0.0562341325 39.3738 4.67227e-05
l 10 0.1 39.3738 2.467e-05
q 10 0.0001 39.3738 1.18636e-05
q 10 0.0001778279 39.3738 2.2144e-05
q 10 0.0003162278 39.3738 4.2051e-05
q 10 0.0005623413 39.3738 7.06468e-05
q 10 0.001 39.3738 0.000107302
q 10 0.0017782794 39.3738 0.000173972
q 10 0.0031622777 39.3738 0.00031991
q 10 0.0056234133 39.3738 0.000286767
q 10 0.01 39.3738 0.000205945
q 10 0.0177827941 39.3738 0.000117031
q 10 0.0316227766 39.3738 5.45974e-05
q 10 0.0562341325 39.3738 2.28156e-05
q 10 0.1 39.3738 1.19557e-05
s 10 0.0001 39.3738 4.11029e-05
s 10 0.0001778279 39.3738 4.43468e-05
s 10 0.0003162278 39.3738 5.3133e-05
s 10 0.0005623413 39.3738 4.47384e-05
s 10 0.001 39.3738 5.80638e-05
s 10 0.0017782794 39.3738 5.55605e-05
s 10 0.0031622777 39.3738 5.95362e-05
s 10 0.0056234133 39.3738 4.72073e-05
s 10 0.01 39.3738 4.90003e-05
s 10 0.0177827941 39.3738 3.33072e-05
s 10 0.0316227766 39.3738 3.18334e-05
s 10 0.0562341325 39.3738 2.86012e-05
s 10 0.1 39.3738 3.08594e-05
l 10 0.0001 51.1859 1.00007e-05
l 10 0.0001778279 51.1859 1.94719e-05
l 10 0.0003162278 51.1859 3.6158e-05
l 10 0.0005623413 51.1859 6.22253e-05
l 10 0.001 51.1859 8.68967e-05
l 10 0.0017782794 51.1859 0.000125982
l 10 0.0031622777 51.1859 0.000225336
l 10 0.0056234133 51.1859 0.0002699
l 10 0.01 51.1859 0.00023141
l 10 0.0177827941 51.1859 0.000155796
l 10 0.0316227766 51.1859 9.02134e-05
l 10 0.0562341325 51.1859 4.37099e-05
l 10 0.1 51.1859 2.29291e-05
q 10 0.0001 51.1859 9.63447e-06
q 10 0.0001778279 51.1859 1.94879e-05
q 10 0.0003162278 51.1859 3.41423e-05
q 10 0.0005623413 51.1859 5.79533e-05
q 10 0.001 51.1859 8.67603e-05
q 10 0.0017782794 51.1859 0.000140279
q 10 0.0031622777 51.1859 0.000269976
q 10 0.0056234133 51.1859 0.000256936
q 10 0.01 51.1859 0.000184123
q 10 0.0177827941 51.1859 0.000105722
q 10 0.0316227766 51.1859 4.97559e-05
q 10 0.0562341325 51.1859 2.04843e-05
q 10 0.1 51.1859 1.07346e-05
s 10 0.0001 51.1859 1.3924e-05
s 10 0.0001778279 51.1859 1.62239e-05
s 10 0.0003162278 51.1859 2.39247e-05
s 10 0.0005623413 51.1859 1.52101e-05
s 10 0.001 51.1859 1.62861e-05
s 10 0.0017782794 51.1859 1.7581e-05
s 10 0.0031622777 51.1859 1.16642e-05
s 10 0.0056234133 51.1859 1.3405e-05
s 10 0.01 51.1859 1.23012e-05
s 10 0.0177827941 51.1859 1.00678e-05
s 10 0.0316227766 51.1859 1.00696e-05
s 10 0.0562341325 51.1859 7.19012e-06
s 10 0.1 51.1859 1.35775e-05
l 10 0.0001 66.5417 8.17259e-06
l 10 0.0001778279 66.5417 1.6242e-05
l 10 0.0003162278 66.5417 3.0122e-05
l 10 0.0005623413 66.5417 5.21818e-05
l 10 0.001 66.5417 7.52365e-05
l 10 0.0017782794 66.5417 0.000106735
l 10 0.0031622777 66.5417 0.000186627
l 10 0.0056234133 66.5417 0.000233713
l 10 0.01 66.5417 0.000205298
l 10 0.0177827941 66.5417 0.00014085
l 10 0.0316227766 66.5417 8.27147e-05
l 10 0.0562341325 66.5417 4.12143e-05
l 10 0.1 66.5417 2.18026e-05
q 10 0.0001 66.5417 8.15956e-06
q 10 0.0001778279 66.5417 1.59986e-05
q 10 0.0003162278 66.5417 2.98117e-05
q 10 0.0005623413 66.5417 5.02836e-05
q 10 0.001 66.5417 7.59157e-05
q 10 0.0017782794 66.5417 0.000118829
q 10 0.0031622777 66.5417 0.000237303
q 10 0.0056234133 66.5417 0.000238372
q 10 0.01 66.5417 0.000175271
q 10 0.0177827941 66.5417 0.000102951
q 10 0.0316227766 66.5417 4.79195e-05
q 10 0.0562341325 66.5417 1.987e-05
q 10 0.1 66.5417 1.01746e-05
s 10 0.0001 66.5417 3.86006e-06
s 10 0.0001778279 66.5417 6.72475e-06
s 10 0.0003162278 66.5417 9.97121e-06
s 10 0.0005623413 66.5417 4.87583e-06
s 10 0.001 66.5417 7.6119e-06
s 10 0.0017782794 66.5417 6.82264e-06
s 10 0.0031622777 66.5417 3.63888e-06
s 10 0.0056234133 66.5417 6.41566e-06
s 10 0.01 66.5417 3.64236e-06
s 10 0.0177827941 66.5417 3.18816e-06
s 10 0.0316227766 66.5417 3.70477e-06
s 10 0.0562341325 66.5417 2.15339e-06
s 10 0.1 66.5417 3.62707e-06
l 10 0.0001778279 86.5042 1.25116e-05
l 10 0.0001 86.5042 6.25097e-06
l 10 0.0003162278 86.5042 2.46489e-05
l 10 0.0005623413 86.5042 4.34833e-05
l 10 0.0017782794 86.5042 8.86317e-05
l 10 0.001 86.5042 6.21596e-05
l 10 0.0031622777 86.5042 0.000152683
l 10 0.0056234133 86.5042 0.0002008
l 10 0.0177827941 86.5042 0.00012697
l 10 0.01 86.5042 0.000181481
l 10 0.0316227766 86.5042 7.68791e-05
l 10 0.0562341325 86.5042 3.83919e-05
l 10 0.1 86.5042 2.02062e-05
q 10 0.0001778279 86.5042 1.34908e-05
q 10 0.0001 86.5042 6.95681e-06
q 10 0.0003162278 86.5042 2.54276e-05
q 10 0.0005623413 86.5042 4.30059e-05
q 10 0.0017782794 86.5042 9.83666e-05
q 10 0.001 86.5042 6.33456e-05
q 10 0.0031622777 86.5042 0.000201036
q 10 0.0056234133 86.5042 0.000214943
q 10 0.0177827941 86.5042 9.51715e-05
q 10 0.01 86.5042 0.000161444
q 10 0.0316227766 86.5042 4.53067e-05
q 10 0.0562341325 86.5042 1.87015e-05
q 10 0.1 86.5042 9.34547e-06
s 10 0.0001778279 86.5042 1.27754e-06
s 10 0.0001 86.5042 1.02471e-06
s 10 0.0003162278 86.5042 1.94401e-06
s 10 0.0005623413 86.5042 1.8325e-06
s 10 0.0017782794 86.5042 1.38657e-06
s 10 0.001 86.5042 2.6862e-06
s 10 0.0031622777 86.5042 1.43614e-06
s 10 0.0056234133 86.5042 1.07788e-06
s 10 0.0177827941 86.5042 1.404e-06
s 10 0.01 86.5042 5.89984e-07
s 10 0.0316227766 86.5042 9.88622e-07
s 10 0.0562341325 86.5042 6.72878e-07
s 10 0.1 86.5042 9.25753e-07
l 10 0.0001 112.455 4.80021e-06
l 10 0.0001778279 112.455 9.82424e-06
l 10 0.0003162278 112.455 1.9008e-05
l 10 0.0005623413 112.455 3.47827e-05
l 10 0.001 112.455 5.05501e-05
l 10 0.0017782794 112.455 7.20556e-05
l 10 0.0031622777 112.455 0.000122821
l 10 0.0056234133 112.455 0.000169682
l 10 0.01 112.455 0.000159024
l 10 0.0177827941 112.455 0.000113173
l 10 0.0316227766 112.455 7.0287e-05
l 10 0.0562341325 112.455 3.62977e-05
l 10 0.1 112.455 1.86223e-05
q 10 0.0001 112.455 5.62117e-06
q 10 0.0001778279 112.455 1.08518e-05
q 10 0.0003162278 112.455 2.07891e-05
q 10 0.0005623413 112.455 3.66281e-05
q 10 0.001 112.455 5.27915e-05
q 10 0.0017782794 112.455 8.09563e-05
q 10 0.0031622777 112.455 0.000165535
q 10 0.0056234133 112.455 0.000194622
q 10 0.01 112.455 0.000149427
q 10 0.0177827941 112.455 8.87973e-05
q 10 0.0316227766 112.455 4.25285e-05
q 10 0.0562341325 112.455 1.75933e-05
q 10 0.1 112.455 8.76451e-06
s 10 0.0001 112.455 8.07667e-07
s 10 0.0001778279 112.455 2.10663e-07
s 10 0.0003162278 112.455 7.06827e-07
s 10 0.0005623413 112.455 4.70745e-07
s 10 0.001 112.455 3.16731e-07
s 10 0.0017782794 112.455 5.0271e-07
s 10 0.0031622777 112.455 2.77999e-07
s 10 0.0056234133 112.455 2.36234e-07
s 10 0.01 112.455 8.35625e-08
s 10 0.0177827941 112.455 6.30617e-07
s 10 0.0316227766 112.455 1.89974e-07
s 10 0.0562341325 112.455 1.78025e-07
s 10 0.1 112.455 6.11798e-10
l 10 0.0001 146.192 3.29907e-06
l 10 0.0001778279 146.192 7.15813e-06
l 10 0.0003162278 146.192 1.42652e-05
l 10 0.0005623413 146.192 2.70528e-05
l 10 0.001 146.192 4.04962e-05
l 10 0.0017782794 146.192 5.82866e-05
l 10 0.0031622777 146.192 9.76912e-05
l 10 0.0056234133 146.192 0.000142639
l 10 0.01 146.192 0.000138161
l 10 0.0177827941 146.192 0.000102417
l 10 0.0316227766 146.192 6.46763e-05
l 10 0.0562341325 146.192 3.44742e-05
l 10 0.1 146.192 1.81452e-05
q 10 0.0001 146.192 4.31436e-06
q 10 0.0001778279 146.192 8.31788e-06
q 10 0.0003162278 146.192 1.65323e-05
q 10 0.0005623413 146.192 2.92098e-05
q 10 0.001 146.192 4.34796e-05
q 10 0.0017782794 146.192 6.56312e-05
q 10 0.0031622777 146.192 0.000133437
q 10 0.0056234133 146.192 0.000172007
q 10 0.01 146.192 0.000135571
q 10 0.0177827941 146.192 8.18063e-05
q 10 0.0316227766 146.192 3.98078e-05
q 10 0.0562341325 146.192 1.65368e-05
q 10 0.1 146.192 8.19704e-06
s 10 0.0001 146.192 7.27992e-09
s 10 0.0001778279 146.192 9.85325e-08
s 10 0.0003162278 146.192 1.33696e-07
s 10 0.0005623413 146.192 1.61691e-07
s 10 0.001 146.192 9.13957e-09
s 10 0.0017782794 146.192 8.57684e-09
s 10 0.0031622777 146.192 3.97801e-08
s 10 0.0056234133 146.192 5.51968e-09
s 10 0.01 146.192 4.1025e-08
s 10 0.0177827941 146.192 4.55159e-08
s 10 0.0316227766 146.192 1.36807e-07
s 10 0.0562341325 146.192 1.36809e-07
s 10 0.1 146.192 5.06183e-11
l 10 0.0001 190.05 2.21117e-06
l 10 0.0001778279 190.05 4.75236e-06
l 10 0.0003162278 190.05 9.92598e-06
l 10 0.0005623413 190.05 2.0084e-05
l 10 0.001 190.05 3.19497e-05
l 10 0.0017782794 190.05 4.65043e-05
l 10 0.0031622777 190.05 7.51495e-05
l 10 0.0056234133 190.05 0.000116454
l 10 0.01 190.05 0.0001197
l 10 0.0177827941 190.05 9.13636e-05
l 10 0.0316227766 190.05 6.05175e-05
l 10 0.0562341325 190.05 3.18717e-05
l 10 0.1 190.05 1.77437e-05
q 10 0.0001 190.05 3.06298e-06
q 10 0.0001778279 190.05 6.05515e-06
q 10 0.0003162278 190.05 1.2518e-05
q 10 0.0005623413 190.05 2.30466e-05
q 10 0.001 190.05 3.51143e-05
q 10 0.0017782794 190.05 5.26196e-05
q 10 0.0031622777 190.05 0.000102111
q 10 0.0056234133 190.05 0.000148857
q 10 0.01 190.05 0.000121492
q 10 0.0177827941 190.05 7.43974e-05
q 10 0.0316227766 190.05 3.71854e-05
q 10 0.0562341325 190.05 1.55306e-05
q 10 0.1 190.05 7.63453e-06
s 10 0.0001778279 190.05 2.4555e-12
s 10 0.01 190.05 3.50785e-12
s 10 0.0177827941 190.05 7.08586e-10
l 10 0.0001 247.065 1.36851e-06
l 10 0.0001778279 247.065 2.99491e-06
l 10 0.0003162278 247.065 6.88119e-06
l 10 0.0005623413 247.065 1.4188e-05
l 10 0.001 247.065 2.40494e-05
l 10 0.0017782794 247.065 3.60932e-05
l 10 0.0031622777 247.065 5.77765e-05
l 10 0.0056234133 247.065 9.3882e-05
l 10 0.01 247.065 0.0001014
l 10 0.0177827941 247.065 7.97908e-05
l 10 0.0316227766 247.065 5.51659e-05
l 10 0.0562341325 247.065 3.03583e-05
l 10 0.1 247.065 1.66947e-05
q 10 0.0001 247.065 2.11257e-06
q 10 0.0001778279 247.065 4.25534e-06
q 10 0.0003162278 247.065 9.1302e-06
q 10 0.0005623413 247.065 1.72967e-05
q 10 0.001 247.065 2.72365e-05
q 10 0.0017782794 247.065 4.1302e-05
q 10 0.0031622777 247.065 7.76161e-05
q 10 0.0056234133 247.065 0.0001273
q 10 0.01 247.065 0.000109183
q 10 0.0177827941 247.065 6.80335e-05
q 10 0.0316227766 247.065 3.52732e-05
q 10 0.0562341325 247.065 1.47855e-05
q 10 0.1 247.065 7.13516e-06
l 10 0.0001 321.184 7.36384e-07
l 10 0.0001778279 321.184 1.72216e-06
l 10 0.0003162278 321.184 4.39501e-06
l 10 0.0005623413 321.184 9.7661e-06
l 10 0.001 321.184 1.74255e-05
l 10 0.0017782794 321.184 2.66924e-05
l 10 0.0031622777 321.184 4.28886e-05
l 10 0.0056234133 321.184 7.46904e-05
l 10 0.01 321.184 8.53551e-05
l 10 0.0177827941 321.184 7.00464e-05
l 10 0.0316227766 321.184 4.93153e-05
l 10 0.0562341325 321.184 2.87304e-05
l 10 0.1 321.184 1.58488e-05
q 10 0.0001 321.184 1.28351e-06
q 10 0.0001778279 321.184 2.71576e-06
q 10 0.0003162278 321.184 6.03782e-06
q 10 0.0005623413 321.184 1.23514e-05
q 10 0.001 321.184 2.00926e-05
q 10 0.0017782794 321.184 3.12317e-05
q 10 0.0031622777 321.184 5.65941e-05
q 10 0.0056234133 321.184 0.000105662
q 10 0.01 321.184 9.65958e-05
q 10 0.0177827941 321.184 6.20279e-05
q 10 0.0316227766 321.184 3.28774e-05
q 10 0.0562341325 321.184 1.41551e-05
q 10 0.1 321.184 6.68853e-06
l 10 0.0001 417.539 3.71865e-07
l 10 0.0001778279 417.539 8.43847e-07
l 10 0.0003162278 417.539 2.59885e-06
l 10 0.0005623413 417.539 6.34818e-06
l 10 0.001 417.539 1.20581e-05
l 10 0.0017782794 417.539 1.95942e-05
l 10 0.0031622777 417.539 3.15085e-05
l 10 0.0056234133 417.539 5.87132e-05
l 10 0.01 417.539 7.12535e-05
l 10 0.0177827941 417.539 6.14554e-05
l 10 0.0316227766 417.539 4.53099e-05
l 10 0.0562341325 417.539 2.7233e-05
l 10 0.1 417.539 1.54403e-05
q 10 0.0001 417.539 7.63922e-07
q 10 0.0001778279 417.539 1.61756e-06
q 10 0.0003162278 417.539 3.76571e-06
q 10 0.0005623413 417.539 8.3685e-06
q 10 0.001 417.539 1.43863e-05
q 10 0.0017782794 417.539 2.29427e-05
q 10 0.0031622777 417.539 4.14919e-05
q 10 0.0056234133 417.539 8.67736e-05
q 10 0.01 417.539 8.57355e-05
q 10 0.0177827941 417.539 5.68061e-05
q 10 0.0316227766 417.539 3.14749e-05
q 10 0.0562341325 417.539 1.37335e-05
q 10 0.1 417.539 6.53603e-06
l 10 0.0001 542.801 1.50457e-07
l 10 0.0001778279 542.801 4.0378e-07
l 10 0.0003162278 542.801 1.32771e-06
l 10 0.0005623413 542.801 3.8709e-06
l 10 0.001 542.801 7.78808e-06
l 10 0.0017782794 542.801 1.34953e-05
l 10 0.0031622777 542.801 2.23984e-05
l 10 0.0056234133 542.801 4.36844e-05
l 10 0.01 542.801 5.87131e-05
l 10 0.0177827941 542.801 5.19589e-05
l 10 0.0316227766 542.801 4.09067e-05
l 10 0.0562341325 542.801 2.53503e-05
l 10 0.1 542.801 1.46209e-05
q 10 0.0001 542.801 3.3512e-07
q 10 0.0001778279 542.801 8.20854e-07
q 10 0.0003162278 542.801 2.11321e-06
q 10 0.0005623413 542.801 5.22198e-06
q 10 0.001 542.801 9.4856e-06
q 10 0.0017782794 542.801 1.6219e-05
q 10 0.0031622777 542.801 2.93381e-05
q 10 0.0056234133 542.801 6.91926e-05
q 10 0.01 542.801 7.41521e-05
q 10 0.0177827941 542.801 5.12943e-05
q 10 0.0316227766 542.801 2.91009e-05
q 10 0.0562341325 542.801 1.31004e-05
q 10 0.1 542.801 6.18552e-06
l 10 0.0001 705.641 5.9841e-08
l 10 0.0001778279 705.641 1.67396e-07
l 10 0.0003162278 705.641 6.78255e-07
l 10 0.0005623413 705.641 2.37398e-06
l 10 0.001 705.641 5.11145e-06
l 10 0.0017782794 705.641 9.41532e-06
l 10 0.0031622777 705.641 1.5467e-05
l 10 0.0056234133 705.641 3.24832e-05
l 10 0.01 705.641 4.77677e-05
l 10 0.0177827941 705.641 4.4863e-05
l 10 0.0316227766 705.641 3.61592e-05
l 10 0.0562341325 705.641 2.32277e-05
l 10 0.1 705.641 1.39544e-05
q 10 0.0001 705.641 1.14609e-07
q 10 0.0001778279 705.641 3.70606e-07
q 10 0.0003162278 705.641 1.1423e-06
q 10 0.0005623413 705.641 3.04889e-06
q 10 0.001 705.641 6.38164e-06
q 10 0.0017782794 705.641 1.12314e-05
q 10 0.0031622777 705.641 2.01093e-05
q 10 0.0056234133 705.641 5.44698e-05
q 10 0.01 705.641 6.44313e-05
q 10 0.0177827941 705.641 4.72787e-05
q 10 0.0316227766 705.641 2.77157e-05
q 10 0.0562341325 705.641 1.27944e-05
q 10 0.1 705.641 6.04991e-06
l 10 0.0001778279 917.333 5.45455e-08
l 10 0.0001 917.333 9.94586e-09
l 10 0.0003162278 917.333 2.98156e-07
l 10 0.0005623413 917.333 1.36478e-06
l 10 0.0017782794 917.333 6.42986e-06
l 10 0.001 917.333 3.16345e-06
l 10 0.0031622777 917.333 1.09145e-05
l 10 0.0056234133 917.333 2.32468e-05
l 10 0.0177827941 917.333 3.72988e-05
l 10 0.01 917.333 3.77178e-05
l 10 0.0316227766 917.333 3.22018e-05
l 10 0.0562341325 917.333 2.13505e-05
l 10 0.1 917.333 1.32878e-05
q 10 0.0001778279 917.333 1.36683e-07
q 10 0.0001 917.333 3.59185e-08
q 10 0.0003162278 917.333 5.38704e-07
q 10 0.0005623413 917.333 1.82188e-06
q 10 0.0017782794 917.333 7.77312e-06
q 10 0.001 917.333 4.00908e-06
q 10 0.0031622777 917.333 1.411e-05
q 10 0.0056234133 917.333 4.18213e-05
q 10 0.0177827941 917.333 4.20741e-05
q 10 0.01 917.333 5.46415e-05
q 10 0.0316227766 917.333 2.59892e-05
q 10 0.0562341325 917.333 1.25293e-05
q 10 0.1 917.333 5.90058e-06
l 10 0.0001 1192.53 2.57474e-09
l 10 0.0001778279 1192.53 1.38316e-08
l 10 0.0003162278 1192.53 1.16546e-07
l 10 0.0005623413 1192.53 7.06828e-07
l 10 0.001 1192.53 1.9394e-06
l 10 0.0017782794 1192.53 4.27091e-06
l 10 0.0031622777 1192.53 7.61045e-06
l 10 0.0056234133 1192.53 1.63681e-05
l 10 0.01 1192.53 2.91885e-05
l 10 0.0177827941 1192.53 3.1266e-05
l 10 0.0316227766 1192.53 2.80042e-05
l 10 0.0562341325 1192.53 1.97754e-05
l 10 0.1 1192.53 1.24923e-05
q 10 0.0001 1192.53 1.0217e-08
q 10 0.0001778279 1192.53 6.28944e-08
q 10 0.0003162278 1192.53 1.96405e-07
q 10 0.0005623413 1192.53 1.07221e-06
q 10 0.001 1192.53 2.5706e-06
q 10 0.0017782794 1192.53 5.12007e-06
q 10 0.0031622777 1192.53 9.60219e-06
q 10 0.0056234133 1192.53 3.06014e-05
q 10 0.01 1192.53 4.52198e-05
q 10 0.0177827941 1192.53 3.82185e-05
q 10 0.0316227766 1192.53 2.42277e-05
q 10 0.0562341325 1192.53 1.23154e-05
q 10 0.1 1192.53 5.81411e-06
l 10 0.0001778279 1550.29 3.97602e-10
l 10 0.0003162278 1550.29 4.12608e-08
l 10 0.0005623413 1550.29 3.63712e-07
l 10 0.001 1550.29 1.20934e-06
l 10 0.0017782794 1550.29 2.82874e-06
l 10 0.0031622777 1550.29 5.16132e-06
l 10 0.0056234133 1550.29 1.15884e-05
l 10 0.01 1550.29 2.15674e-05
l 10 0.0177827941 1550.29 2.64935e-05
l 10 0.0316227766 1550.29 2.40181e-05
l 10 0.0562341325 1550.29 1.78359e-05
l 10 0.1 1550.29 1.16279e-05
q 10 0.0001 1550.29 3.20929e-09
q 10 0.0001778279 1550.29 1.48617e-08
q 10 0.0003162278 1550.29 8.95353e-08
q 10 0.0005623413 1550.29 6.11563e-07
q 10 0.001 1550.29 1.68288e-06
q 10 0.0017782794 1550.29 3.50906e-06
q 10 0.0031622777 1550.29 6.5636e-06
q 10 0.0056234133 1550.29 2.2426e-05
q 10 0.01 1550.29 3.65685e-05
q 10 0.0177827941 1550.29 3.46067e-05
q 10 0.0316227766 1550.29 2.26377e-05
q 10 0.0562341325 1550.29 1.2117e-05
q 10 0.1 1550.29 5.72359e-06
l 10 0.0003162278 2015.38 1.85538e-08
l 10 0.0005623413 2015.38 1.77286e-07
l 10 0.001 2015.38 6.66836e-07
l 10 0.0017782794 2015.38 1.73581e-06
l 10 0.0031622777 2015.38 3.43649e-06
l 10 0.0056234133 2015.38 7.71931e-06
l 10 0.01 2015.38 1.51333e-05
l 10 0.0177827941 2015.38 2.1614e-05
l 10 0.0316227766 2015.38 2.0041e-05
l 10 0.0562341325 2015.38 1.60601e-05
l 10 0.1 2015.38 1.07187e-05
q 10 0.0001 2015.38 8.2135e-10
q 10 0.0001778279 2015.38 2.64274e-09
q 10 0.0003162278 2015.38 3.63442e-08
q 10 0.0005623413 2015.38 2.99358e-07
q 10 0.001 2015.38 9.48975e-07
q 10 0.0017782794 2015.38 2.23887e-06
q 10 0.0031622777 2015.38 4.50998e-06
q 10 0.0056234133 2015.38 1.51912e-05
q 10 0.01 2015.38 2.89442e-05
q 10 0.0177827941 2015.38 3.09789e-05
q 10 0.0316227766 2015.38 2.11172e-05
q 10 0.0562341325 2015.38 1.18862e-05
q 10 0.1 2015.38 5.67705e-06
l 10 0.0003162278 2620 1.2991e-08
l 10 0.0005623413 2620 7.90568e-08
l 10 0.001 2620 3.50794e-07
l 10 0.0017782794 2620 1.05383e-06
l 10 0.0031622777 2620 2.17274e-06
l 10 0.0056234133 2620 5.16078e-06
l 10 0.01 2620 1.00988e-05
l 10 0.0177827941 2620 1.72194e-05
l 10 0.0316227766 2620 1.62951e-05
l 10 0.0562341325 2620 1.41466e-05
l 10 0.1 2620 9.868e-06
q 10 0.0001 2620 2.23122e-09
q 10 0.0001778279 2620 1.24616e-09
q 10 0.0003162278 2620 1.53255e-08
q 10 0.0005623413 2620 1.3945e-07
q 10 0.001 2620 5.83188e-07
q 10 0.0017782794 2620 1.47151e-06
q 10 0.0031622777 2620 3.02935e-06
q 10 0.0056234133 2620 9.20136e-06
q 10 0.01 2620 2.14537e-05
q 10 0.0177827941 2620 2.73899e-05
q 10 0.0316227766 2620 1.96839e-05
q 10 0.0562341325 2620 1.15749e-05
q 10 0.1 2620 5.67009e-06
l 10 0.0003162278 3405.99 3.18767e-09
l 10 0.0005623413 3405.99 2.27567e-08
l 10 0.001 3405.99 1.53736e-07
l 10 0.0017782794 3405.99 5.63289e-07
l 10 0.0031622777 3405.99 1.34677e-06
l 10 0.0056234133 3405.99 3.40686e-06
l 10 0.01 3405.99 6.74543e-06
l 10 0.0177827941 3405.99 1.31457e-05
l 10 0.0316227766 3405.99 1.33187e-05
l 10 0.0562341325 3405.99 1.24187e-05
l 10 0.1 3405.99 8.83227e-06
q 10 0.0003162278 3405.99 4.45877e-09
q 10 0.0005623413 3405.99 4.10113e-08
q 10 0.001 3405.99 2.81308e-07
q 10 0.0017782794 3405.99 8.69717e-07
q 10 0.0031622777 3405.99 1.94445e-06
q 10 0.0056234133 3405.99 5.50606e-06
q 10 0.01 3405.99 1.55667e-05
q 10 0.0177827941 3405.99 2.36674e-05
q 10 0.0316227766 3405.99 1.82637e-05
q 10 0.0562341325 3405.99 1.12617e-05
q 10 0.1 3405.99 5.62474e-06
l 10 0.0003162278 4427.79 2.69344e-10
l 10 0.0005623413 4427.79 6.13217e-09
l 10 0.001 4427.79 5.68237e-08
l 10 0.0017782794 4427.79 2.95241e-07
l 10 0.0031622777 4427.79 7.96751e-07
l 10 0.0056234133 4427.79 2.0719e-06
l 10 0.01 4427.79 4.3755e-06
l 10 0.0177827941 4427.79 9.37878e-06
l 10 0.0316227766 4427.79 1.09899e-05
l 10 0.0562341325 4427.79 1.07571e-05
l 10 0.1 4427.79 7.8296e-06
q 10 0.0003162278 4427.79 2.69344e-10
q 10 0.0005623413 4427.79 1.61842e-08
q 10 0.001 4427.79 1.29893e-07
q 10 0.0017782794 4427.79 4.95921e-07
q 10 0.0031622777 4427.79 1.22901e-06
q 10 0.0056234133 4427.79 3.36909e-06
q 10 0.01 4427.79 1.04147e-05
q 10 0.0177827941 4427.79 1.91315e-05
q 10 0.0316227766 4427.79 1.69082e-05
q 10 0.0562341325 4427.79 1.09624e-05
q 10 0.1 4427.79 5.61649e-06
l 10 0.0005623413 5756.13 1.44203e-09
l 10 0.001 5756.13 1.96763e-08
l 10 0.0017782794 5756.13 1.30292e-07
l 10 0.0031622777 5756.13 4.11731e-07
l 10 0.0056234133 5756.13 1.19103e-06
l 10 0.01 5756.13 2.77257e-06
l 10 0.0177827941 5756.13 6.3242e-06
l 10 0.0316227766 5756.13 8.87278e-06
l 10 0.0562341325 5756.13 8.54362e-06
l 10 0.1 5756.13 6.74921e-06
q 10 0.0005623413 5756.13 6.49751e-09
q 10 0.001 5756.13 3.77737e-08
q 10 0.0017782794 5756.13 2.5181e-07
q 10 0.0031622777 5756.13 6.84212e-07
q 10 0.0056234133 5756.13 2.06193e-06
q 10 0.01 5756.13 6.02127e-06
q 10 0.0177827941 5756.13 1.45987e-05
q 10 0.0316227766 5756.13 1.56305e-05
q 10 0.0562341325 5756.13 1.03789e-05
q 10 0.1 5756.13 5.58525e-06
l 10 0.0005623413 7482.97 5.18983e-10
l 10 0.001 7482.97 4.21981e-09
l 10 0.0017782794 7482.97 4.39337e-08
l 10 0.0031622777 7482.97 1.8798e-07
l 10 0.0056234133 7482.97 6.3794e-07
l 10 0.01 7482.97 1.5357e-06
l 10 0.0177827941 7482.97 3.72856e-06
l 10 0.0316227766 7482.97 6.74245e-06
l 10 0.0562341325 7482.97 6.80738e-06
l 10 0.1 7482.97 5.84044e-06
q 10 0.0005623413 7482.97 1.80751e-09
q 10 0.001 7482.97 9.81121e-09
q 10 0.0017782794 7482.97 9.49975e-08
q 10 0.0031622777 7482.97 3.41971e-07
q 10 0.0056234133 7482.97 1.19949e-06
q 10 0.01 7482.97 2.93509e-06
q 10 0.0177827941 7482.97 9.83039e-06
q 10 0.0316227766 7482.97 1.403e-05
q 10 0.0562341325 7482.97 9.77967e-06
q 10 0.1 7482.97 5.53316e-06
l 10 0.0017782794 9727.86 1.15278e-08
l 10 0.001 9727.86 1.39133e-10
l 10 0.0031622777 9727.86 7.32188e-08
l 10 0.0056234133 9727.86 2.7622e-07
l 10 0.0177827941 9727.86 1.9665e-06
l 10 0.01 9727.86 8.23646e-07
l 10 0.0316227766 9727.86 5.00941e-06
l 10 0.0562341325 9727.86 5.68418e-06
l 10 0.1 9727.86 5.15202e-06
q 10 0.0005623413 9727.86 2.8614e-10
q 10 0.0017782794 9727.86 3.2204e-08
q 10 0.001 9727.86 1.11325e-09
q 10 0.0031622777 9727.86 1.44157e-07
q 10 0.0056234133 9727.86 5.88812e-07
q 10 0.0177827941 9727.86 5.17185e-06
q 10 0.01 9727.86 1.64019e-06
q 10 0.0316227766 9727.86 1.18326e-05
q 10 0.0562341325 9727.86 9.22414e-06
q 10 0.1 9727.86 5.53881e-06
l 10 0.0017782794 12646.2 1.70957e-09
l 10 0.0031622777 12646.2 1.76484e-08
l 10 0.0056234133 12646.2 1.10738e-07
l 10 0.01 12646.2 3.82586e-07
l 10 0.0177827941 12646.2 9.37899e-07
l 10 0.0316227766 12646.2 3.13682e-06
l 10 0.0562341325 12646.2 4.39701e-06
l 10 0.1 12646.2 4.05871e-06
q 10 0.001 12646.2 1.08559e-10
q 10 0.0017782794 12646.2 5.89344e-09
q 10 0.0031622777 12646.2 4.78085e-08
q 10 0.0056234133 12646.2 2.68463e-07
q 10 0.01 12646.2 8.64137e-07
q 10 0.0177827941 12646.2 2.09666e-06
q 10 0.0316227766 12646.2 8.46663e-06
q 10 0.0562341325 12646.2 8.68377e-06
q 10 0.1 12646.2 5.4822e-06
l 10 0.0017782794 16440.1 4.26214e-10
l 10 0.0031622777 16440.1 2.85965e-09
l 10 0.0056234133 16440.1 3.01037e-08
l 10 0.01 16440.1 1.54774e-07
l 10 0.0177827941 16440.1 4.22052e-07
l 10 0.0316227766 16440.1 1.41742e-06
l 10 0.0562341325 16440.1 3.2485e-06
l 10 0.1 16440.1 3.44814e-06
q 10 0.0017782794 16440.1 8.74022e-10
q 10 0.0031622777 16440.1 1.16736e-08
q 10 0.0056234133 16440.1 9.37124e-08
q 10 0.01 16440.1 3.95875e-07
q 10 0.0177827941 16440.1 1.06526e-06
q 10 0.0316227766 16440.1 4.29144e-06
q 10 0.0562341325 16440.1 8.08982e-06
q 10 0.1 16440.1 5.41053e-06
l 10 0.0017782794 21372.1 9.06258e-11
l 10 0.0031622777 21372.1 3.08564e-10
l 10 0.0056234133 21372.1 6.85582e-09
l 10 0.01 21372.1 5.36605e-08
l 10 0.0177827941 21372.1 1.61806e-07
l 10 0.0316227766 21372.1 5.22937e-07
l 10 0.0562341325 21372.1 2.50665e-06
l 10 0.1 21372.1 3.05415e-06
q 10 0.0017782794 21372.1 9.06258e-11
q 10 0.0031622777 21372.1 2.1038e-09
q 10 0.0056234133 21372.1 2.31252e-08
q 10 0.01 21372.1 1.5258e-07
q 10 0.0177827941 21372.1 4.90041e-07
q 10 0.0316227766 21372.1 1.3696e-06
q 10 0.0562341325 21372.1 6.76198e-06
q 10 0.1 21372.1 5.2765e-06
l 10 0.0056234133 27783.7 6.07148e-10
l 10 0.01 27783.7 1.14651e-08
l 10 0.0177827941 27783.7 5.29799e-08
l 10 0.0316227766 27783.7 1.83632e-07
l 10 0.0562341325 27783.7 1.18533e-06
l 10 0.1 27783.7 2.10273e-06
q 10 0.0031622777 27783.7 3.58178e-10
q 10 0.0056234133 27783.7 3.39865e-09
q 10 0.01 27783.7 4.50676e-08
q 10 0.0177827941 27783.7 1.87425e-07
q 10 0.0316227766 27783.7 5.72293e-07
q 10 0.0562341325 27783.7 3.59471e-06
q 10 0.1 27783.7 4.96877e-06
l 10 0.01 36118.9 1.82012e-09
l 10 0.0177827941 36118.9 1.44369e-08
l 10 0.0316227766 36118.9 5.54048e-08
l 10 0.0562341325 36118.9 2.84229e-07
l 10 0.1 36118.9 1.6203e-06
q 10 0.0031622777 36118.9 2.72914e-11
q 10 0.0056234133 36118.9 1.43847e-10
q 10 0.01 36118.9 9.7498e-09
q 10 0.0177827941 36118.9 5.37597e-08
q 10 0.0316227766 36118.9 2.11416e-07
q 10 0.0562341325 36118.9 8.35661e-07
q 10 0.1 36118.9 4.52848e-06
l 10 0.01 46954.5 2.74007e-10
l 10 0.0177827941 46954.5 3.74476e-09
l 10 0.0316227766 46954.5 1.40514e-08
l 10 0.0562341325 46954.5 6.56587e-08
l 10 0.1 46954.5 1.02574e-06
q 10 0.01 46954.5 1.59534e-09
q 10 0.0177827941 46954.5 1.11306e-08
q 10 0.0316227766 46954.5 5.86464e-08
q 10 0.0562341325 46954.5 2.57054e-07
q 10 0.1 46954.5 3.0012e-06
l 10 0.0177827941 61040.9 5.06487e-10
l 10 0.0316227766 61040.9 2.9605e-09
l 10 0.0562341325 61040.9 1.5531e-08
l 10 0.1 61040.9 1.70599e-07
q 10 0.01 61040.9 4.28456e-11
q 10 0.0177827941 61040.9 1.82944e-09
q 10 0.0316227766 61040.9 1.15105e-08
q 10 0.0562341325 61040.9 6.53357e-08
q 10 0.1 61040.9 5.273e-07
l 10 0.0177827941 79353.1 1.47761e-11
l 10 0.0316227766 79353.1 4.14549e-10
l 10 0.0562341325 79353.1 2.56533e-09
l 10 0.1 79353.1 1.98291e-08
q 10 0.0177827941 79353.1 2.69841e-10
q 10 0.0316227766 79353.1 1.64832e-09
q 10 0.0562341325 79353.1 1.18989e-08
q 10 0.1 79353.1 9.09338e-08
l 10 0.0316227766 103159 6.16238e-11
l 10 0.0562341325 103159 4.05057e-10
l 10 0.1 103159 2.84288e-09
q 10 0.0177827941 103159 1.32455e-11
q 10 0.0316227766 103159 2.6853e-10
q 10 0.0562341325 103159 1.38823e-09
q 10 0.1 103159 1.20698e-08
l 10 0.0562341325 134107 5.6704e-11
l 10 0.1 134107 3.67101e-10
q 10 0.0316227766 134107 1.40718e-11
q 10 0.0562341325 134107 7.7035e-11
q 10 0.1 134107 8.62349e-10
l 10 0.1 174339 2.67754e-11
q 10 0.1 174339 2.67754e-11
