10 0.0001 Balanced 100 10 100 0.0206623 30.8312 1021.08 0.986954 0.53639 0.544783 500
10 0.0001 DRAND 100 10 100 0.0202985 14197.7 15806.8 0.842417 0.503914 0.562339 500
10 0.0001 Lobats 100 10 100 0.0205159 519.282 1518.73 0.867969 0.632907 0.645464 500
10 0.0001 LQF 100 10 100 0.0202895 8.22437 998.25 0.989762 0.484537 0.537255 500
10 0.0001 Lyui 100 10 100 0.0198287 13422.7 15010.9 0.650844 0.480595 0.534432 500
10 0.0001 Simple 100 10 100 0.020518 442.347 1312.35 0.9175 0.219441 0.502885 500
10 0.0001778279 Balanced 100 10 100 0.0357119 37.9046 1020.46 0.983565 0.446426 0.528654 500
10 0.0001778279 DRAND 100 10 100 0.0356747 18227.7 19933 0.761103 0.500517 0.573174 500
10 0.0001778279 Lobats 100 10 100 0.0364847 555.547 1563.15 0.864839 0.609948 0.622462 500
10 0.0001778279 LQF 100 10 100 0.0365061 11.5841 1011.86 0.98843 0.301651 0.518846 500
10 0.0001778279 Lyui 100 10 100 0.0345311 16531.4 18068.3 0.609029 0.460806 0.531325 500
10 0.0001778279 Simple 100 10 100 0.0365577 515.595 1387.88 0.880873 0.204375 0.493789 500
10 0.0003162278 Balanced 100 10 100 0.0640233 52.6133 1053.75 0.97679 0.319367 0.520005 500
10 0.0003162278 DRAND 100 10 100 0.0578579 26796.6 28297.6 0.64723 0.489936 0.563877 500
10 0.0003162278 Lobats 100 10 100 0.063189 612.372 1599.14 0.854765 0.590182 0.622479 500
10 0.0003162278 LQF 100 10 100 0.0637104 23.0181 1042.07 0.982036 0.146946 0.512623 500
10 0.0003162278 Lyui 100 10 100 0.0577511 23919.1 25638.3 0.515221 0.445782 0.52145 500
10 0.0003162278 Simple 100 10 100 0.0636567 619.181 1474.85 0.837191 0.203601 0.489166 500
10 0.0005623413 Balanced 100 10 100 0.113352 88.1504 1102.06 0.964214 0.218943 0.522301 500
10 0.0005623413 DRAND 100 10 100 0.0894241 39782.8 41736.2 0.550735 0.482811 0.547491 500
10 0.0005623413 Lobats 100 10 100 0.113228 740.907 1730.42 0.837408 0.531359 0.600144 500
10 0.0005623413 LQF 100 10 100 0.112951 55.6922 1098.61 0.966806 0.105593 0.509126 500
10 0.0005623413 Lyui 100 10 100 0.0914621 34081.4 36216 0.443232 0.432775 0.500181 500
10 0.0005623413 Simple 100 10 100 0.113324 936.046 1769.44 0.777319 0.230875 0.479112 500
10 0.001 Balanced 100 10 100 0.199534 175.911 1230.26 0.937017 0.191136 0.511947 500
10 0.001 DRAND 100 10 100 0.1278 52938.8 56020.1 0.437559 0.484777 0.538395 500
10 0.001 Lobats 100 10 100 0.199749 1024 1991.93 0.803959 0.488323 0.598319 500
10 0.001 LQF 100 10 100 0.19998 139.338 1264.7 0.932228 0.121056 0.498594 500
10 0.001 Lyui 100 10 100 0.13541 45828.6 48769.4 0.409447 0.430417 0.484475 500
10 0.001 Simple 100 10 100 0.199936 1586.17 2383.33 0.729647 0.284272 0.474674 500
10 0.0017782794 Balanced 100 10 100 0.35576 499.681 1703.15 0.866679 0.229055 0.490455 500
10 0.0017782794 DRAND 100 10 100 0.17216 63684.6 67797.8 0.352969 0.48346 0.528962 500
10 0.0017782794 Lobats 100 10 100 0.356218 2152.97 3094.31 0.718141 0.44962 0.568495 500
10 0.0017782794 LQF 100 10 100 0.356871 479.914 1949.17 0.846142 0.187352 0.462513 500
10 0.0017782794 Lyui 100 10 100 0.18738 54785.8 58546.7 0.373846 0.429205 0.473322 500
10 0.0017782794 Simple 100 10 100 0.355606 3547.29 4250.43 0.691286 0.383443 0.491657 500
10 0.0031622777 Balanced 100 10 100 0.63164 3540.37 5569.62 0.709897 0.376182 0.486922 500
10 0.0031622777 DRAND 100 10 100 0.226052 70074.2 75139.6 0.29559 0.486977 0.527652 500
10 0.0031622777 Lobats 100 10 100 0.59389 14718.8 15831.4 0.581136 0.504894 0.554274 500
10 0.0031622777 LQF 100 10 100 0.630314 3815.72 7628.63 0.628338 0.33447 0.437233 500
10 0.0031622777 Lyui 100 10 100 0.252415 60529.5 65352.8 0.355346 0.431781 0.469433 500
10 0.0031622777 Simple 100 10 100 0.604328 14864 15614.9 0.685016 0.512166 0.545217 500
10 0.0056234133 Balanced 100 10 100 0.816217 37504.2 41443.8 0.604869 0.484018 0.508026 500
10 0.0056234133 DRAND 100 10 100 0.29009 76973.6 82973.8 0.255145 0.512753 0.54708 500
10 0.0056234133 Lobats 100 10 100 0.728075 48111.4 50382.5 0.519372 0.495644 0.520455 500
10 0.0056234133 LQF 100 10 100 0.794082 40245.8 47083 0.544031 0.538136 0.558901 500
10 0.0056234133 Lyui 100 10 100 0.338063 64850.6 70502.6 0.339174 0.445243 0.476634 500
10 0.0056234133 Simple 100 10 100 0.728888 46664 47838.3 0.705967 0.486811 0.498285 500
10 0.01 Balanced 100 10 100 0.887003 65098.7 70289.6 0.5871 0.535011 0.550625 500
10 0.01 DRAND 100 10 100 0.351152 89054.3 97372.5 0.227113 0.591017 0.615432 500
10 0.01 Lobats 100 10 100 0.805689 70131.9 73584.2 0.473682 0.542316 0.561314 500
10 0.01 LQF 100 10 100 0.835806 72959.7 79653.6 0.527605 0.621016 0.634609 500
10 0.01 Lyui 100 10 100 0.43537 71600 78531.8 0.338499 0.482017 0.505495 500
10 0.01 Simple 100 10 100 0.785988 63249.4 64772.1 0.698863 0.521592 0.530454 500
10 0.0177827941 Balanced 100 10 100 0.933093 81619.7 87996.9 0.574641 0.571804 0.583921 500
10 0.0177827941 DRAND 100 10 100 0.37893 108085 119087 0.216282 0.675095 0.689023 500
10 0.0177827941 Lobats 100 10 100 0.860388 84681.7 89929.3 0.419315 0.585228 0.599088 500
10 0.0177827941 LQF 100 10 100 0.855733 96479 103418 0.505852 0.67084 0.68127 500
10 0.0177827941 Lyui 100 10 100 0.530739 80652.1 89629.8 0.345755 0.528939 0.543856 500
10 0.0177827941 Simple 100 10 100 0.825465 71305.5 72939.2 0.682327 0.551073 0.55922 500
10 0.0316227766 Balanced 100 10 100 0.972569 90775.7 98398.3 0.556592 0.596947 0.606164 500
10 0.0316227766 DRAND 100 10 100 0.408743 117854 132690 0.23364 0.68005 0.691488 500
10 0.0316227766 Lobats 100 10 100 0.895691 97207.2 105106 0.386279 0.627017 0.635396 500
10 0.0316227766 LQF 100 10 100 0.871155 113702 120837 0.481309 0.704737 0.713286 500
10 0.0316227766 Lyui 100 10 100 0.616612 90453.9 101835 0.354491 0.569292 0.577793 500
10 0.0316227766 Simple 100 10 100 0.863819 73058.8 75079.5 0.666346 0.557369 0.56576 500
10 0.0562341325 Balanced 100 10 100 1.02275 96909.3 104096 0.540379 0.630583 0.638434 500
10 0.0562341325 DRAND 100 10 100 0.461044 114573 134624 0.283142 0.632028 0.643838 500
10 0.0562341325 Lobats 100 10 100 0.9282 104302 115724 0.371178 0.63921 0.643384 500
10 0.0562341325 LQF 100 10 100 0.912221 121904 130080 0.459842 0.699704 0.708321 500
10 0.0562341325 Lyui 100 10 100 0.709239 96417.5 111000 0.372032 0.579976 0.585173 500
10 0.0562341325 Simple 100 10 100 0.919427 69672.3 71644.7 0.66017 0.549543 0.558761 500
10 0.1 Balanced 100 10 100 1.12434 104826 112575 0.480212 0.6428 0.6496 500
10 0.1 DRAND 100 10 100 0.544868 100645 127694 0.355853 0.557886 0.570904 500
10 0.1 Lobats 100 10 100 1.00939 105122 120965 0.378631 0.621822 0.624234 500
10 0.1 LQF 100 10 100 0.986733 119481 129638 0.454907 0.656891 0.666291 500
10 0.1 Lyui 100 10 100 0.828579 96520.3 115523 0.396204 0.568202 0.57215 500
10 0.1 Simple 100 10 100 0.996363 67120.8 69253.2 0.667541 0.527049 0.536189 500
