10 1 Balanced 100 10 100 516.988 1 516.988 516.988 500
10 1 DRAND 100 10 100 5929.3 1 5929.3 5929.3 500
10 1 Lobats 100 10 100 964.994 1 964.994 964.994 499
10 1 LocalVoting 100 10 100 513.282 1 513.282 513.282 500
10 1 LQF 100 10 100 498.104 1 498.104 498.104 500
10 1 Lyui 100 10 100 6023.41 1 6023.41 6023.41 494
10 1 Simple 100 10 100 580.676 1 580.676 580.676 500
10 2 Balanced 100 10 100 553.496 0.999365 563.944 543.048 500
10 2 DRAND 100 10 100 7425.11 0.990729 7530.54 7319.68 500
10 2 Lobats 100 10 100 1058.83 0.957746 1233.98 883.676 500
10 2 LocalVoting 100 10 100 556.474 0.999557 565.094 547.854 500
10 2 LQF 100 10 100 524.805 0.999986 526.362 523.248 500
10 2 Lyui 100 10 100 6703.5 0.951942 7280.24 6126.76 488
10 2 Simple 100 10 100 646.449 0.988201 699.388 593.51 500
10 3 Balanced 100 10 100 641.323 0.995802 671.262 600.768 500
10 3 DRAND 100 10 100 8440.1 0.96572 9321.28 6763 500
10 3 Lobats 100 10 100 1141.25 0.940671 1426.7 839.243 497
10 3 LocalVoting 100 10 100 636.581 0.99624 663.48 599.342 500
10 3 LQF 100 10 100 600.954 0.998656 610.18 585.592 500
10 3 Lyui 100 10 100 7525.03 0.932461 8695.34 5433.44 477
10 3 Simple 100 10 100 729.465 0.965295 870.98 579.41 500
10 4 Balanced 100 10 100 735.462 0.986813 795.604 628.29 500
10 4 DRAND 100 10 100 9559.64 0.936434 11301.4 6690.92 500
10 4 Lobats 100 10 100 1247.66 0.928066 1622.46 834.244 499
10 4 LocalVoting 100 10 100 749.17 0.985073 812.764 628.254 500
10 4 LQF 100 10 100 704.365 0.990906 736.97 627.152 500
10 4 Lyui 100 10 100 9177.13 0.901453 11385.7 5580.28 486
10 4 Simple 100 10 100 827.033 0.938282 1076.69 572.094 500
10 5 Balanced 100 10 100 836.984 0.973133 940.026 630.416 500
10 5 DRAND 100 10 100 10399.6 0.920713 12861 6589.98 500
10 5 Lobats 100 10 100 1381.72 0.919252 1847.08 841.956 500
10 5 LocalVoting 100 10 100 842.924 0.972404 947.96 627.58 500
10 5 LQF 100 10 100 836.212 0.979096 900.118 659.754 500
10 5 Lyui 100 10 100 9486.2 0.878076 12501.1 4809.28 471
10 5 Simple 100 10 100 924.523 0.92391 1256.38 584.052 500
10 6 Balanced 100 10 100 954.282 0.960551 1099.48 644.48 500
10 6 DRAND 100 10 100 11403.1 0.899229 14740.2 6310.42 500
10 6 Lobats 100 10 100 1467.98 0.912844 2012.29 824.028 500
10 6 LocalVoting 100 10 100 946.416 0.960016 1096.58 636.584 500
10 6 LQF 100 10 100 950.464 0.966423 1047.96 656.01 500
10 6 Lyui 100 10 100 10382 0.856744 14382.6 4520.9 470
10 6 Simple 100 10 100 983.07 0.902436 1409.68 556.18 500
10 7 Balanced 100 10 100 1064.86 0.950971 1247.03 655.878 500
10 7 DRAND 100 10 100 12207 0.886291 16166 6101.49 500
10 7 Lobats 100 10 100 1566.92 0.899796 2201.54 795.766 500
10 7 LocalVoting 100 10 100 1064.35 0.949859 1256.02 661.124 500
10 7 LQF 100 10 100 1061.23 0.958283 1186.85 688.284 500
10 7 Lyui 100 10 100 11206.7 0.846466 15775.1 4319.25 461
10 7 Simple 100 10 100 1086.29 0.883997 1623.1 553.542 500
10 8 Balanced 100 10 100 1166.58 0.941321 1386.37 660.878 500
10 8 DRAND 100 10 100 13339.3 0.871985 18212.9 6127.18 500
10 8 Lobats 100 10 100 1674.62 0.895887 2387.73 795.421 497
10 8 LocalVoting 100 10 100 1182.77 0.941227 1415.65 678.156 500
10 8 LQF 100 10 100 1170.84 0.949628 1327.26 693.692 500
10 8 Lyui 100 10 100 11823.2 0.831343 17268.9 4040.95 458
10 8 Simple 100 10 100 1151.48 0.867394 1783.16 551.602 500
10 9 Balanced 100 10 100 1288.82 0.934644 1547.28 672.64 500
10 9 DRAND 100 10 100 14807.7 0.862859 20380.8 6056.12 500
10 9 Lobats 100 10 100 1788.91 0.89123 2571.7 795.978 498
10 9 LocalVoting 100 10 100 1267.31 0.934 1538.33 658.67 500
10 9 LQF 100 10 100 1279.36 0.944719 1459.87 706.186 500
10 9 Lyui 100 10 100 12977 0.816883 19379 3791.63 461
10 9 Simple 100 10 100 1225.68 0.857259 1932.42 539.2 500
10 10 Balanced 100 10 100 1365.6 0.929734 1655.45 683.956 500
10 10 DRAND 100 10 100 15273 0.852675 21489 5704.78 500
10 10 Lobats 100 10 100 1868.67 0.883659 2723.41 788.948 499
10 10 LocalVoting 100 10 100 1391.87 0.929843 1698.98 691.366 500
10 10 LQF 100 10 100 1410.96 0.941334 1616.3 725.514 500
10 10 Lyui 100 10 100 13618.3 0.806611 20738.6 3595.23 453
10 10 Simple 100 10 100 1332.54 0.84907 2132.46 546.846 500
10 11 Balanced 100 10 100 1514.35 0.923913 1837.23 691.542 500
10 11 DRAND 100 10 100 15930.8 0.845097 22910.1 5654.55 500
10 11 Lobats 100 10 100 2009.37 0.880002 2938.51 790.795 498
10 11 LocalVoting 100 10 100 1458.66 0.922204 1809.69 677.18 500
10 11 LQF 100 10 100 1518.61 0.936754 1751.52 744.164 500
10 11 Lyui 100 10 100 14207.1 0.797349 22083.8 3492.18 457
10 11 Simple 100 10 100 1440.54 0.836851 2328.76 539.27 500
10 12 Balanced 100 10 100 1590.6 0.920467 1949.78 698.5 500
10 12 DRAND 100 10 100 16860.1 0.843406 24270.8 5558.07 500
10 12 Lobats 100 10 100 2120.31 0.876225 3110.31 783.21 500
10 12 LocalVoting 100 10 100 1613.59 0.919278 2010.46 709.736 500
10 12 LQF 100 10 100 1670.25 0.936803 1920.69 785.276 500
10 12 Lyui 100 10 100 15254.4 0.793549 23887.5 3389.66 440
10 12 Simple 100 10 100 1541.91 0.832583 2499.1 538.912 500
10 13 Balanced 100 10 100 1706.84 0.918952 2094.13 697.032 500
10 13 DRAND 100 10 100 17111.2 0.830047 25358.3 5529.7 500
10 13 Lobats 100 10 100 2274.32 0.876315 3339.38 811.956 496
10 13 LocalVoting 100 10 100 1674.28 0.916286 2097.49 689.748 500
10 13 LQF 100 10 100 1828.58 0.935445 2101.82 798.302 500
10 13 Lyui 100 10 100 16000.1 0.785001 25480.1 3317.69 440
10 13 Simple 100 10 100 1604.44 0.825071 2660.17 550.142 500
10 14 Balanced 100 10 100 1802.99 0.915931 2227.65 712.86 500
10 14 DRAND 100 10 100 17960.7 0.824498 26882.7 5491.65 500
10 14 Lobats 100 10 100 2349.42 0.872058 3475.78 811.432 495
10 14 LocalVoting 100 10 100 1786.69 0.911426 2255.03 703.442 500
10 14 LQF 100 10 100 1886.1 0.933705 2179.12 793.002 500
10 14 Lyui 100 10 100 16846.7 0.787541 26862.2 3152.3 442
10 14 Simple 100 10 100 1738.57 0.819743 2917.31 553.636 500
10 15 Balanced 100 10 100 1928.57 0.913478 2383.14 727.662 500
10 15 DRAND 100 10 100 19281.1 0.82469 28691.8 5397.73 500
10 15 Lobats 100 10 100 2472.47 0.86933 3700.76 805.884 498
10 15 LocalVoting 100 10 100 1921.54 0.908304 2431.37 722.976 500
10 15 LQF 100 10 100 1985.76 0.928664 2315.52 781.256 500
10 15 Lyui 100 10 100 17701.6 0.769251 28905.3 2954.92 423
10 15 Simple 100 10 100 1806.64 0.816739 3038.86 547.182 500
10 16 Balanced 100 10 100 1994.95 0.909454 2486.15 715.05 500
10 16 DRAND 100 10 100 20032.5 0.820923 30154.1 5302.84 500
10 16 Lobats 100 10 100 2553.3 0.864464 3843.68 811.349 498
10 16 LocalVoting 100 10 100 1975.29 0.906185 2525.49 725.174 500
10 16 LQF 100 10 100 2112.31 0.932359 2449.76 856.236 500
10 16 Lyui 100 10 100 18170.4 0.764064 30063.8 2854.38 435
10 16 Simple 100 10 100 1893.28 0.814635 3188.46 540.894 500
10 17 Balanced 100 10 100 2116.48 0.911163 2627.85 739.906 500
10 17 DRAND 100 10 100 20719.9 0.811167 31805.2 5211.13 500
10 17 Lobats 100 10 100 2637.76 0.866986 3974.53 819.911 496
10 17 LocalVoting 100 10 100 2116.02 0.904887 2691.88 726.398 500
10 17 LQF 100 10 100 2228.63 0.927657 2601.92 812.032 500
10 17 Lyui 100 10 100 19012.3 0.772012 31091.4 2834.23 431
10 17 Simple 100 10 100 2032.44 0.813509 3417.41 560.97 500
10 18 Balanced 100 10 100 2254.79 0.907858 2799.69 737.002 500
10 18 DRAND 100 10 100 22087.9 0.810647 33797.7 5290.53 500
10 18 Lobats 100 10 100 2796.27 0.864147 4216.45 850.477 495
10 18 LocalVoting 100 10 100 2225.66 0.904358 2836.92 737.882 500
10 18 LQF 100 10 100 2355.05 0.928818 2745.87 873.754 500
10 18 Lyui 100 10 100 19708.2 0.756548 33161.7 2532.16 431
10 18 Simple 100 10 100 2068.79 0.808973 3521.52 547.382 500
10 19 Balanced 100 10 100 2339.75 0.907924 2914.59 753.448 500
10 19 DRAND 100 10 100 22721 0.804293 35201.3 5106.72 500
10 19 Lobats 100 10 100 2917.7 0.861271 4391.36 847.865 498
10 19 LocalVoting 100 10 100 2338.48 0.901498 3000.73 755.196 500
10 19 LQF 100 10 100 2436.12 0.925267 2856.97 802.534 500
10 19 Lyui 100 10 100 19922.2 0.758746 33267.9 2476.48 437
10 19 Simple 100 10 100 2168.91 0.806322 3709.18 564.744 500
10 20 Balanced 100 10 100 2472.09 0.905112 3087.83 764.426 500
10 20 DRAND 100 10 100 22826.2 0.801723 35728.1 4999.88 500
10 20 Lobats 100 10 100 2998.38 0.860112 4530.29 834.382 497
10 20 LocalVoting 100 10 100 2452.38 0.902183 3140.25 766.012 500
10 20 LQF 100 10 100 2597.9 0.929512 3023.89 852.158 500
10 20 Lyui 100 10 100 21491.5 0.758319 35906 2690.3 431
10 20 Simple 100 10 100 2317.83 0.809075 3937.71 555.004 500
10 21 Balanced 100 10 100 2580.84 0.904514 3219.76 776.298 500
10 21 DRAND 100 10 100 24133.8 0.798605 37805.9 5041.46 500
10 21 Lobats 100 10 100 3109.83 0.855964 4720.2 845.949 495
10 21 LocalVoting 100 10 100 2546.07 0.89853 3278.88 782.71 500
10 21 LQF 100 10 100 2730.64 0.927728 3185.92 882.152 500
10 21 Lyui 100 10 100 22009.2 0.750253 37296 2342.67 427
10 21 Simple 100 10 100 2394.28 0.809046 4057.31 564.422 500
10 22 Balanced 100 10 100 2720.43 0.904205 3390.92 760.532 500
10 22 DRAND 100 10 100 24681.9 0.797331 38805.8 4967.33 500
10 22 Lobats 100 10 100 3193.35 0.852945 4883.69 826.827 498
10 22 LocalVoting 100 10 100 2620.51 0.895838 3391.48 736.376 500
10 22 LQF 100 10 100 2840.69 0.926629 3322.12 901.716 500
10 22 Lyui 100 10 100 22536.6 0.75073 38343.1 2617.36 426
10 22 Simple 100 10 100 2455.8 0.804815 4185.27 555.99 500
10 23 Balanced 100 10 100 2832.17 0.903166 3530.83 768.318 500
10 23 DRAND 100 10 100 25991.7 0.793528 41060.3 4977.88 500
10 23 Lobats 100 10 100 3367.21 0.852531 5142.74 846.388 497
10 23 LocalVoting 100 10 100 2750.27 0.894646 3572.35 788.342 500
10 23 LQF 100 10 100 2960.07 0.924585 3469.96 904.592 500
10 23 Lyui 100 10 100 23031 0.746737 39424.4 2347.41 431
10 23 Simple 100 10 100 2591.82 0.807538 4386.27 562.644 500
10 24 Balanced 100 10 100 2895.05 0.901719 3625.73 765.878 500
10 24 DRAND 100 10 100 26817.8 0.79268 42495.3 4916.01 500
10 24 Lobats 100 10 100 3453.08 0.853495 5263.99 842.16 495
10 24 LocalVoting 100 10 100 2836.39 0.892827 3686.67 763.216 500
10 24 LQF 100 10 100 3057.21 0.927806 3576.2 943.732 500
10 24 Lyui 100 10 100 23451.1 0.741579 40719.1 2374.25 419
10 24 Simple 100 10 100 2657.84 0.800689 4552.21 582.906 500
10 25 Balanced 100 10 100 2983.45 0.900531 3750.98 761.502 500
10 25 DRAND 100 10 100 27564.3 0.790117 43868.4 4880.22 500
10 25 Lobats 100 10 100 3602.28 0.855591 5470.89 845.709 495
10 25 LocalVoting 100 10 100 2988.96 0.895905 3863.95 789.524 500
10 25 LQF 100 10 100 3232.22 0.926785 3770.44 914.89 500
10 25 Lyui 100 10 100 24472 0.740707 42545.8 2293.09 427
10 25 Simple 100 10 100 2749.61 0.797618 4730.66 570.212 500
10 26 Balanced 100 10 100 3089.2 0.898724 3893.41 791.814 500
10 26 DRAND 100 10 100 28935.4 0.783722 46429.2 4765.6 500
10 26 Lobats 100 10 100 3670.11 0.851045 5607.52 843.358 497
10 26 LocalVoting 100 10 100 3045.15 0.8939 3956.94 804.698 500
10 26 LQF 100 10 100 3297.1 0.926268 3862.77 938.374 500
10 26 Lyui 100 10 100 26294.7 0.730004 45931.8 2172.13 409
10 26 Simple 100 10 100 2843.74 0.80145 4868.7 579.426 500
10 27 Balanced 100 10 100 3213.87 0.899731 4039.08 786.188 500
10 27 DRAND 100 10 100 29320.2 0.78172 47273.9 4852.89 500
10 27 Lobats 100 10 100 3803.52 0.851644 5812.87 860.952 498
10 27 LocalVoting 100 10 100 3188.91 0.892998 4138.43 797.248 500
10 27 LQF 100 10 100 3492.39 0.928503 4068.76 983.818 500
10 27 Lyui 100 10 100 26617.2 0.733571 46569.1 2221.45 423
10 27 Simple 100 10 100 2960.89 0.802818 5073.11 590.448 500
10 28 Balanced 100 10 100 3340.59 0.898626 4205.52 818.62 500
10 28 DRAND 100 10 100 29989.8 0.778825 48644.6 4710.65 500
10 28 Lobats 100 10 100 3953.94 0.850793 6037.79 884.283 492
10 28 LocalVoting 100 10 100 3291.8 0.889179 4292.62 789.794 500
10 28 LQF 100 10 100 3569.9 0.926333 4175.3 943.074 500
10 28 Lyui 100 10 100 26836.1 0.731344 47408.8 2286.3 419
10 28 Simple 100 10 100 3017.06 0.798963 5185.17 581.58 500
10 29 Balanced 100 10 100 3420.34 0.895904 4321.06 810.316 500
10 29 DRAND 100 10 100 30725.7 0.779201 49856.4 4811.52 500
10 29 Lobats 100 10 100 4021.77 0.850008 6144.42 897.551 497
10 29 LocalVoting 100 10 100 3443.32 0.889562 4481.2 817.942 500
10 29 LQF 100 10 100 3655.9 0.927711 4273.31 962.882 500
10 29 Lyui 100 10 100 27894.4 0.729559 49198.6 2007.94 419
10 29 Simple 100 10 100 3084.79 0.798683 5316.56 576.582 500
10 30 Balanced 100 10 100 3552.71 0.897969 4472.65 795.234 500
10 30 DRAND 100 10 100 31137.8 0.776613 50878.6 4566.18 500
10 30 Lobats 100 10 100 4159.1 0.847629 6366.77 868.695 498
10 30 LocalVoting 100 10 100 3498.8 0.890771 4556.3 816.162 500
10 30 LQF 100 10 100 3797.99 0.925403 4453.51 984.792 500
10 30 Lyui 100 10 100 28267 0.732278 49856 2075.62 422
10 30 Simple 100 10 100 3215.14 0.797462 5543.31 603.85 500
