100 10 100 10 1 DRAND 5964.29 1 5964.29 5964.29 500
100 10 100 10 1 Lobats 954.494 1 954.494 954.494 500
100 10 100 10 1 LocalVoting 513.816 1 513.816 513.816 500
100 10 100 10 1 LQF 498.058 1 498.058 498.058 500
100 10 100 10 1 LQFLinkScheduller 498.196 1 498.196 498.196 500
100 10 100 10 1 Lyui 5879.87 1 5879.87 5879.87 495
100 10 100 10 1 Simple 570.832 1 570.832 570.832 500
100 10 100 10 2 DRAND 7249.22 0.988928 7482.16 7016.29 500
100 10 100 10 2 Lobats 1071.75 0.958774 1251.57 891.93 500
100 10 100 10 2 LocalVoting 557.854 0.999607 566.238 549.47 500
100 10 100 10 2 LQF 521.474 0.999986 523.082 519.866 500
100 10 100 10 2 LQFLinkScheduller 499.211 0.999987 500.684 497.738 500
100 10 100 10 2 Lyui 6707.9 0.954163 7412.49 6003.32 488
100 10 100 10 2 Simple 645.93 0.987339 704.44 587.42 500
100 10 100 10 3 DRAND 8108.03 0.955735 9314.17 6288.81 500
100 10 100 10 3 Lobats 1134.52 0.93736 1443.44 825.501 499
100 10 100 10 3 LocalVoting 633.652 0.993874 671.818 579.152 500
100 10 100 10 3 LQF 598.126 0.998327 609.228 579.3 500
100 10 100 10 3 LQFLinkScheduller 503.391 0.999972 506.118 500.646 500
100 10 100 10 3 Lyui 7710.64 0.924398 9402.38 5506.45 490
100 10 100 10 3 Simple 724.821 0.966571 871.862 580.864 500
100 10 100 10 4 DRAND 9106.93 0.932878 11415.3 6450.98 500
100 10 100 10 4 Lobats 1236.23 0.92162 1659.45 802.143 498
100 10 100 10 4 LocalVoting 718.094 0.982277 802.808 590.62 500
100 10 100 10 4 LQF 707.809 0.989571 745.54 619.09 500
100 10 100 10 4 LQFLinkScheduller 520.663 0.999569 526.658 510.564 500
100 10 100 10 4 Lyui 8351.88 0.895072 11158.1 4956.74 483
100 10 100 10 4 Simple 811.136 0.942987 1059.89 573.788 500
100 10 100 10 5 DRAND 9736.23 0.907942 13225.3 6029.02 500
100 10 100 10 5 Lobats 1341.66 0.908967 1873.72 794.086 498
100 10 100 10 5 LocalVoting 826.381 0.967641 972.466 602.3 500
100 10 100 10 5 LQF 809.769 0.97689 886.016 625.074 500
100 10 100 10 5 LQFLinkScheduller 549.412 0.998279 562.074 522.272 500
100 10 100 10 5 Lyui 8899.62 0.869678 12951.5 4590.64 464
100 10 100 10 5 Simple 911.59 0.922419 1260.57 569.222 500
100 10 100 10 6 DRAND 10349.6 0.891194 14775.7 5948.96 500
100 10 100 10 6 Lobats 1410.42 0.904552 2023.7 782.848 499
100 10 100 10 6 LocalVoting 926.099 0.953939 1130.24 617.502 500
100 10 100 10 6 LQF 923.99 0.961832 1042.77 627.024 500
100 10 100 10 6 LQFLinkScheduller 590.476 0.995165 616.108 529.478 500
100 10 100 10 6 Lyui 9541.65 0.853026 14437.9 4272.34 468
100 10 100 10 6 Simple 993.405 0.902366 1448.5 567.742 500
100 10 100 10 7 DRAND 10861.6 0.871279 16284.8 5767.69 500
100 10 100 10 7 Lobats 1548.21 0.894916 2261.45 792.586 500
100 10 100 10 7 LocalVoting 1028.43 0.944918 1286.98 633.916 500
100 10 100 10 7 LQF 1035.6 0.953302 1192.41 643.878 500
100 10 100 10 7 LQFLinkScheduller 634.89 0.990088 678.74 527.624 500
100 10 100 10 7 Lyui 10109 0.835715 16203.1 3990.06 450
100 10 100 10 7 Simple 1051.16 0.882422 1614.76 550.458 500
100 10 100 10 8 DRAND 11794.2 0.859848 18314.4 5846.16 500
100 10 100 10 8 Lobats 1583.02 0.886427 2385.29 752.198 499
100 10 100 10 8 LocalVoting 1114.64 0.933576 1435.32 634.624 500
100 10 100 10 8 LQF 1133.48 0.942994 1328.9 650.028 500
100 10 100 10 8 LQFLinkScheduller 700.503 0.983657 765.732 539.81 500
100 10 100 10 8 Lyui 10577.2 0.821677 17779.5 3852.18 461
100 10 100 10 8 Simple 1149.29 0.864168 1833.74 545.456 500
100 10 100 10 9 DRAND 12625.8 0.848695 20044 5509.34 500
100 10 100 10 9 Lobats 1722.93 0.884589 2609.21 787.944 500
100 10 100 10 9 LocalVoting 1199.21 0.924923 1573.8 628.124 500
100 10 100 10 9 LQF 1246.13 0.937038 1473.83 671.17 500
100 10 100 10 9 LQFLinkScheduller 749.129 0.977042 836.582 542.968 500
100 10 100 10 9 Lyui 11390.2 0.805753 19698.6 3685.83 461
100 10 100 10 9 Simple 1230.34 0.851926 2019.26 541.926 500
100 10 100 10 10 DRAND 12769.9 0.837039 20970.5 5417.75 500
100 10 100 10 10 Lobats 1788.66 0.880995 2736.46 779.364 500
100 10 100 10 10 LocalVoting 1303.34 0.917673 1734.3 624.374 500
100 10 100 10 10 LQF 1357.32 0.928478 1629.27 659.666 500
100 10 100 10 10 LQFLinkScheduller 807.655 0.969298 919.022 543.888 500
100 10 100 10 10 Lyui 11773.5 0.79543 21032.5 3334.71 458
100 10 100 10 10 Simple 1324.62 0.841981 2226.41 544.976 500
100 10 100 10 11 DRAND 13574.5 0.830639 22721.2 5496.05 500
100 10 100 10 11 Lobats 1903 0.87453 2950.13 767.526 500
100 10 100 10 11 LocalVoting 1372.13 0.911111 1860.93 639.938 500
100 10 100 10 11 LQF 1474.74 0.921892 1790.81 665.554 500
100 10 100 10 11 LQFLinkScheduller 849.215 0.962404 982.01 534.42 500
100 10 100 10 11 Lyui 12416.2 0.783929 22855.9 3327.51 438
100 10 100 10 11 Simple 1369.39 0.83106 2355.48 532.674 500
100 10 100 10 12 DRAND 13766.3 0.821559 23722.6 5362.68 500
100 10 100 10 12 Lobats 1986.97 0.871599 3119.79 785.335 499
100 10 100 10 12 LocalVoting 1498.44 0.906604 2054.08 654.93 500
100 10 100 10 12 LQF 1559.71 0.917447 1914.98 685.688 500
100 10 100 10 12 LQFLinkScheduller 904.01 0.957303 1056.66 543.94 500
100 10 100 10 12 Lyui 12864.7 0.767394 24494.7 2839.02 438
100 10 100 10 12 Simple 1485.87 0.82534 2598.2 543.112 500
100 10 100 10 13 DRAND 14872.2 0.809577 26207.8 5445.56 500
100 10 100 10 13 Lobats 2111.82 0.865269 3360.85 800.36 497
100 10 100 10 13 LocalVoting 1541.98 0.903882 2137.45 651.9 500
100 10 100 10 13 LQF 1683.72 0.916637 2068.05 705.734 500
100 10 100 10 13 LQFLinkScheduller 970.734 0.953494 1141.64 552.774 500
100 10 100 10 13 Lyui 12898.4 0.764523 24960.2 2892.16 442
100 10 100 10 13 Simple 1518.25 0.81409 2703.09 535.11 500
100 10 100 10 14 DRAND 15510.6 0.803091 27845 5227.09 500
100 10 100 10 14 Lobats 2161.5 0.86274 3461.38 788.932 498
100 10 100 10 14 LocalVoting 1687.05 0.898197 2361.71 666.846 500
100 10 100 10 14 LQF 1775.66 0.908568 2218.07 678.258 500
100 10 100 10 14 LQFLinkScheduller 1020.13 0.947828 1212.02 551.834 500
100 10 100 10 14 Lyui 13509.7 0.759935 26464 2805.22 464
100 10 100 10 14 Simple 1650.86 0.809568 2969.33 547.014 500
100 10 100 10 15 DRAND 16174.4 0.795246 29519 5236.75 500
100 10 100 10 15 Lobats 2254.47 0.855607 3680.34 779.463 499
100 10 100 10 15 LocalVoting 1740.7 0.892728 2470.58 655.682 500
100 10 100 10 15 LQF 1859.45 0.908407 2332.67 707.112 500
100 10 100 10 15 LQFLinkScheduller 1081.69 0.943049 1294.76 562.32 500
100 10 100 10 15 Lyui 14492.4 0.755534 28787.5 2812.07 441
100 10 100 10 15 Simple 1708.39 0.808114 3085.2 543.282 500
100 10 100 10 16 DRAND 16566.7 0.79131 30713.5 5149.74 500
100 10 100 10 16 Lobats 2426.69 0.855023 3947.75 793.635 496
100 10 100 10 16 LocalVoting 1852.82 0.894051 2627.7 705.816 500
100 10 100 10 16 LQF 1952.92 0.906609 2457.78 717.764 500
100 10 100 10 16 LQFLinkScheduller 1145.22 0.936814 1388.63 554.526 500
100 10 100 10 16 Lyui 14681.5 0.753091 29523.6 2835.35 448
100 10 100 10 16 Simple 1822.31 0.804474 3308.16 547.612 500
100 10 100 10 17 DRAND 16814.3 0.786993 31614.2 4952.22 500
100 10 100 10 17 Lobats 2444.46 0.852004 4031.21 798.078 498
100 10 100 10 17 LocalVoting 1944.61 0.884908 2805.32 674.99 500
100 10 100 10 17 LQF 2080.36 0.901691 2640.98 710.312 500
100 10 100 10 17 LQFLinkScheduller 1198.4 0.93402 1456.34 563.212 500
100 10 100 10 17 Lyui 15278.5 0.739518 31495 2444 430
100 10 100 10 17 Simple 1895.91 0.802827 3446.55 544.364 500
100 10 100 10 18 DRAND 17294.2 0.780988 33067.1 5069.83 500
100 10 100 10 18 Lobats 2555.21 0.848633 4235.16 811.531 499
100 10 100 10 18 LocalVoting 2005.56 0.885492 2912.56 684.362 500
100 10 100 10 18 LQF 2171.72 0.900563 2761.71 710.412 500
100 10 100 10 18 LQFLinkScheduller 1249.31 0.933496 1522.11 561.11 500
100 10 100 10 18 Lyui 15651.7 0.737479 32637.8 2481.24 438
100 10 100 10 18 Simple 1972.63 0.797349 3637.39 546.36 500
100 10 100 10 19 DRAND 18334.1 0.78055 35151.9 4939.23 500
100 10 100 10 19 Lobats 2674.08 0.845536 4440.81 811.134 499
100 10 100 10 19 LocalVoting 2070.77 0.881746 3037.99 709.07 500
100 10 100 10 19 LQF 2263.87 0.894963 2915.49 727.452 500
100 10 100 10 19 LQFLinkScheduller 1293.45 0.929233 1587.95 558.9 500
100 10 100 10 19 Lyui 16579 0.731296 34754.4 2450.69 432
100 10 100 10 19 Simple 2066.84 0.798601 3804.8 547.508 500
100 10 100 10 20 DRAND 18129.6 0.776608 35295.2 4859.2 500
100 10 100 10 20 Lobats 2775.09 0.846198 4612.54 833.585 499
100 10 100 10 20 LocalVoting 2160.77 0.878785 3170.67 692.872 500
100 10 100 10 20 LQF 2366.05 0.895816 3048.94 720.78 500
100 10 100 10 20 LQFLinkScheduller 1340.69 0.925775 1660.31 564.708 500
100 10 100 10 20 Lyui 16728.8 0.730644 35720 2449.75 430
100 10 100 10 20 Simple 2139.4 0.792879 3975.69 548.342 500
100 10 100 10 21 DRAND 19504.2 0.765625 38365.9 5098.64 500
100 10 100 10 21 Lobats 2878.98 0.844117 4794.74 835.127 498
100 10 100 10 21 LocalVoting 2261.88 0.877283 3344.43 717.158 500
100 10 100 10 21 LQF 2465.53 0.893553 3190.48 718.456 500
100 10 100 10 21 LQFLinkScheduller 1390.36 0.921045 1729.78 551.338 500
100 10 100 10 21 Lyui 16975.2 0.727957 36421.9 2388.91 428
100 10 100 10 21 Simple 2199.59 0.788811 4116.84 552.75 500
100 10 100 10 22 DRAND 19750.8 0.76308 39417 4780.93 500
100 10 100 10 22 Lobats 2960.64 0.83932 5006.58 839.237 498
100 10 100 10 22 LocalVoting 2362.93 0.873896 3517.78 729.818 500
100 10 100 10 22 LQF 2610.28 0.894842 3379.34 771.128 500
100 10 100 10 22 LQFLinkScheduller 1465.8 0.919692 1825.52 569.044 500
100 10 100 10 22 Lyui 17667.4 0.713841 38969.9 2228.81 424
100 10 100 10 22 Simple 2321.86 0.79326 4299.7 556.636 500
100 10 100 10 23 DRAND 19900 0.75831 40466.1 4801.66 500
100 10 100 10 23 Lobats 3071.22 0.840139 5170.49 834.845 497
100 10 100 10 23 LocalVoting 2451.58 0.872326 3665.51 721.28 500
100 10 100 10 23 LQF 2659.38 0.891771 3459.25 747.726 500
100 10 100 10 23 LQFLinkScheduller 1487.95 0.915698 1869.18 555.048 500
100 10 100 10 23 Lyui 18262.5 0.710567 40590.1 2086.43 421
100 10 100 10 23 Simple 2402.51 0.786335 4515.39 551.412 500
100 10 100 10 24 DRAND 21204.6 0.757639 42975.2 4789.84 500
100 10 100 10 24 Lobats 3110.11 0.834906 5303.56 837.245 498
100 10 100 10 24 LocalVoting 2554.87 0.87078 3836.21 730.69 500
100 10 100 10 24 LQF 2790.44 0.88813 3660.16 774.154 500
100 10 100 10 24 LQFLinkScheduller 1566.69 0.915178 1969.04 570.164 500
100 10 100 10 24 Lyui 19066.4 0.711564 42392.9 2185.55 422
100 10 100 10 24 Simple 2491.17 0.789807 4671.8 569.416 500
100 10 100 10 25 DRAND 21549.6 0.751382 44413.4 4769.65 500
100 10 100 10 25 Lobats 3232.83 0.83641 5489.12 846.124 500
100 10 100 10 25 LocalVoting 2632.42 0.869212 3981.45 758.604 500
100 10 100 10 25 LQF 2823.91 0.89075 3699.73 753.532 500
100 10 100 10 25 LQFLinkScheduller 1609.59 0.912492 2032.86 567.432 500
100 10 100 10 25 Lyui 18578.8 0.703086 42210.2 2156.38 432
100 10 100 10 25 Simple 2579.13 0.786174 4835.17 567.93 500
100 10 100 10 26 DRAND 21988.5 0.746869 45796.2 4629.83 500
100 10 100 10 26 Lobats 3295.11 0.831166 5667.79 830.807 498
100 10 100 10 26 LocalVoting 2676.69 0.868046 4052.39 730.766 500
100 10 100 10 26 LQF 2939.68 0.886187 3888.84 766.292 500
100 10 100 10 26 LQFLinkScheduller 1671.24 0.911403 2117.59 572.172 500
100 10 100 10 26 Lyui 19631 0.701574 44568.1 2087.24 427
100 10 100 10 26 Simple 2652.16 0.782917 5060.88 578.628 500
100 10 100 10 27 DRAND 22106.7 0.744262 46403.7 4853.3 500
100 10 100 10 27 Lobats 3424.83 0.833106 5832.05 851.85 499
100 10 100 10 27 LocalVoting 2795.64 0.865208 4268.91 748.872 500
100 10 100 10 27 LQF 3047.3 0.883428 4054.1 760.352 500
100 10 100 10 27 LQFLinkScheduller 1714.47 0.907715 2186.19 563.638 500
100 10 100 10 27 Lyui 19613.4 0.698731 45254.5 2000.76 420
100 10 100 10 27 Simple 2750.68 0.785313 5177.43 572.816 500
100 10 100 10 28 DRAND 22795.6 0.741079 48114.2 4716.1 500
100 10 100 10 28 Lobats 3550.64 0.830478 6104.46 850.773 498
100 10 100 10 28 LocalVoting 2834.45 0.861296 4345.06 749.518 500
100 10 100 10 28 LQF 3138.38 0.880751 4183.23 752.662 500
100 10 100 10 28 LQFLinkScheduller 1789.94 0.905864 2282.98 561.912 500
100 10 100 10 28 Lyui 20739.9 0.700745 47672.3 2012.06 400
100 10 100 10 28 Simple 2807.41 0.782256 5368.58 587.728 500
100 10 100 10 29 DRAND 23217.4 0.737763 49158.4 4506.24 500
100 10 100 10 29 Lobats 3637.11 0.831529 6247.03 878.45 496
100 10 100 10 29 LocalVoting 2973.12 0.861144 4562.01 750.914 500
100 10 100 10 29 LQF 3233.4 0.880901 4319.14 765.09 500
100 10 100 10 29 LQFLinkScheduller 1816.52 0.904927 2323.29 569.804 500
100 10 100 10 29 Lyui 20701.1 0.691435 48536.9 1852.03 408
100 10 100 10 29 Simple 2902.94 0.782585 5538.06 579.51 500
100 10 100 10 30 DRAND 23715.6 0.736188 50908.3 4584.52 500
100 10 100 10 30 Lobats 3668.92 0.827136 6369.21 844.111 497
100 10 100 10 30 LocalVoting 3010.85 0.861561 4634.62 765.766 500
100 10 100 10 30 LQF 3328.27 0.880595 4453.6 775.832 500
100 10 100 10 30 LQFLinkScheduller 1859.11 0.902858 2393.5 560.336 500
100 10 100 10 30 Lyui 21431.2 0.691116 50178.8 1886.36 416
100 10 100 10 30 Simple 2961.27 0.778334 5684.95 589.63 500
