10 1 Balanced 100 10 100 519.202 1 519.202 519.202 500
10 1 DRAND 100 10 100 5971.79 1 5971.79 5971.79 500
10 1 Lobats 100 10 100 951.536 1 951.536 951.536 500
10 1 LQF 100 10 100 498.126 1 498.126 498.126 500
10 1 Lyui 100 10 100 5776.07 1 5776.07 5776.07 493
10 1 Simple 100 10 100 590.844 1 590.844 590.844 500
10 2 Balanced 100 10 100 549.002 0.999471 558.558 539.446 500
10 2 DRAND 100 10 100 7345.74 0.994082 7428.53 7262.94 500
10 2 Lobats 100 10 100 1077.65 0.957008 1258.52 896.78 500
10 2 LQF 100 10 100 521.132 0.999986 522.72 519.544 500
10 2 Lyui 100 10 100 6685.25 0.957963 7215.34 6155.16 487
10 2 Simple 100 10 100 655.004 0.985268 715.904 594.104 500
10 3 Balanced 100 10 100 623.631 0.995486 653.93 582.136 500
10 3 DRAND 100 10 100 8427.2 0.960776 9305.93 6755.8 500
10 3 Lobats 100 10 100 1186.8 0.941864 1473.59 873.699 499
10 3 LQF 100 10 100 611.819 0.998584 621.06 596.266 500
10 3 Lyui 100 10 100 7946.7 0.927375 9272.3 5625.96 485
10 3 Simple 100 10 100 714.879 0.9698 843.562 583.496 500
10 4 Balanced 100 10 100 752.625 0.985316 817.358 636.76 500
10 4 DRAND 100 10 100 9227.59 0.942056 10837.1 6590.93 500
10 4 Lobats 100 10 100 1258.09 0.928083 1645.05 831.199 498
10 4 LQF 100 10 100 711.087 0.989828 746.648 627.688 500
10 4 Lyui 100 10 100 9149.85 0.907909 11252.8 5610.5 479
10 4 Simple 100 10 100 816.158 0.941058 1055.5 566.494 500
10 5 Balanced 100 10 100 846.978 0.975731 943.916 652.912 500
10 5 DRAND 100 10 100 10267.4 0.913092 12863.8 6201.57 499
10 5 Lobats 100 10 100 1359.44 0.916949 1832.08 801.336 500
10 5 LQF 100 10 100 821.951 0.979389 884.253 650.315 499
10 5 Lyui 100 10 100 9348.88 0.880895 12332.8 4830.34 461
10 5 Simple 100 10 100 909.844 0.922843 1239.76 576.82 499
10 6 Balanced 100 10 100 933.754 0.962227 1074.23 643.224 500
10 6 DRAND 100 10 100 11456.9 0.895917 14880.4 6234.62 500
10 6 Lobats 100 10 100 1495.81 0.907258 2056.97 805.366 500
10 6 LQF 100 10 100 921.027 0.968231 1015.77 660.64 500
10 6 Lyui 100 10 100 10373.8 0.861111 14190.5 4646.92 462
10 6 Simple 100 10 100 989.695 0.9002 1429.42 564.82 500
10 7 Balanced 100 10 100 1046.8 0.949519 1228.32 636.918 500
10 7 DRAND 100 10 100 12347.5 0.881937 16406 6077.01 500
10 7 Lobats 100 10 100 1583.76 0.902811 2220.4 808.373 498
10 7 LQF 100 10 100 1061.36 0.956582 1190.18 692.584 500
10 7 Lyui 100 10 100 11249.4 0.842032 15932 4391.81 469
10 7 Simple 100 10 100 1091.09 0.880148 1640.27 551.87 500
10 8 Balanced 100 10 100 1168.18 0.939079 1394.19 656.19 500
10 8 DRAND 100 10 100 12957.9 0.876667 17609 5845.18 500
10 8 Lobats 100 10 100 1654.47 0.895473 2361.12 792.729 498
10 8 LQF 100 10 100 1184.13 0.953039 1334.08 714.71 500
10 8 Lyui 100 10 100 12386.3 0.830969 18009 4224.12 463
10 8 Simple 100 10 100 1180.91 0.867194 1817.48 548.85 500
10 9 Balanced 100 10 100 1275.73 0.933892 1535.74 673.676 500
10 9 DRAND 100 10 100 14208.2 0.866488 19605.7 6039.6 500
10 9 Lobats 100 10 100 1794.56 0.887847 2578.14 781.788 500
10 9 LQF 100 10 100 1289.72 0.945965 1466.98 728.488 500
10 9 Lyui 100 10 100 13040.1 0.813784 19561.1 3780.5 467
10 9 Simple 100 10 100 1291.22 0.857523 2006.96 553.178 500
10 10 Balanced 100 10 100 1365.84 0.927974 1657.21 658.251 499
10 10 DRAND 100 10 100 14695 0.85543 20793.3 5669.89 499
10 10 Lobats 100 10 100 1930.96 0.887685 2778.52 820.359 499
10 10 LQF 100 10 100 1424.56 0.940287 1632.55 725.737 499
10 10 Lyui 100 10 100 13707.9 0.813858 20562.3 3678.41 455
10 10 Simple 100 10 100 1334.55 0.84813 2142.21 550.994 500
10 11 Balanced 100 10 100 1470.84 0.926647 1787.57 694.528 500
10 11 DRAND 100 10 100 15630.2 0.846877 22387.5 5637.27 500
10 11 Lobats 100 10 100 1982.71 0.880753 2909.04 795.91 500
10 11 LQF 100 10 100 1540.72 0.938317 1771.83 747.976 500
10 11 Lyui 100 10 100 14212.8 0.80388 21978.6 3650.31 464
10 11 Simple 100 10 100 1460.26 0.83901 2355.1 555.246 500
10 12 Balanced 100 10 100 1587.02 0.919504 1947.39 675.416 500
10 12 DRAND 100 10 100 16360.3 0.840179 23828.6 5643.81 500
10 12 Lobats 100 10 100 2095.44 0.875296 3095.18 792.038 499
10 12 LQF 100 10 100 1669.4 0.937434 1918 773.166 500
10 12 Lyui 100 10 100 14991 0.791933 23609.5 3371.7 454
10 12 Simple 100 10 100 1552.8 0.834536 2517.35 557.519 499
10 13 Balanced 100 10 100 1685.67 0.916352 2074.18 693.382 500
10 13 DRAND 100 10 100 17327.6 0.83084 25684 5496.76 500
10 13 Lobats 100 10 100 2213.39 0.873627 3293.5 794.173 496
10 13 LQF 100 10 100 1786.23 0.931589 2068.47 768.444 500
10 13 Lyui 100 10 100 15940.3 0.785434 25286.6 3238.24 448
10 13 Simple 100 10 100 1680.28 0.827163 2763.16 559.548 500
10 14 Balanced 100 10 100 1804.33 0.914493 2226.12 691.734 500
10 14 DRAND 100 10 100 18237.5 0.828487 27088.6 5532.55 500
10 14 Lobats 100 10 100 2321.99 0.872581 3457.13 813.695 498
10 14 LQF 100 10 100 1883.68 0.932427 2183.66 801.718 500
10 14 Lyui 100 10 100 16258.6 0.7844 25987.3 3294.82 445
10 14 Simple 100 10 100 1750.07 0.824115 2886 556.334 500
10 15 Balanced 100 10 100 1916.76 0.910053 2382.56 696.914 500
10 15 DRAND 100 10 100 18773.7 0.825445 28092.3 5562.92 499
10 15 Lobats 100 10 100 2414.08 0.867294 3614.46 799.624 498
10 15 LQF 100 10 100 2008.78 0.930902 2332.84 815.742 500
10 15 Lyui 100 10 100 17027.8 0.77458 27709.5 3045.06 438
10 15 Simple 100 10 100 1832.13 0.823213 3029.09 559.854 500
10 16 Balanced 100 10 100 2029.19 0.912061 2513.18 718.264 500
10 16 DRAND 100 10 100 19558.1 0.812994 29940.1 5210.28 500
10 16 Lobats 100 10 100 2540.85 0.86685 3810.53 802.66 497
10 16 LQF 100 10 100 2107.4 0.928644 2457.8 806.73 500
10 16 Lyui 100 10 100 18146.9 0.770682 29718.2 2996.38 440
10 16 Simple 100 10 100 1878.51 0.81521 3176.8 552.698 500
10 17 Balanced 100 10 100 2169.92 0.911525 2679.91 755.12 499
10 17 DRAND 100 10 100 20433.5 0.81089 31330.1 5190.65 500
10 17 Lobats 100 10 100 2693.73 0.865534 4039.89 816.574 498
10 17 LQF 100 10 100 2251.2 0.931128 2613.13 848.471 499
10 17 Lyui 100 10 100 18770.2 0.766829 31020.3 2747.88 421
10 17 Simple 100 10 100 2030.12 0.812341 3421.05 547.848 499
10 18 Balanced 100 10 100 2237.89 0.90792 2789.83 724.826 500
10 18 DRAND 100 10 100 22165.4 0.806564 34056.1 5168.63 500
10 18 Lobats 100 10 100 2772.11 0.86416 4173.2 831.277 491
10 18 LQF 100 10 100 2344.32 0.930318 2724.11 830.822 500
10 18 Lyui 100 10 100 19740.9 0.760314 32991 2849.97 436
10 18 Simple 100 10 100 2101.6 0.808696 3546.66 546.542 500
10 19 Balanced 100 10 100 2362.96 0.903725 2953.15 730.87 500
10 19 DRAND 100 10 100 22196.8 0.80251 34542 5064.06 500
10 19 Lobats 100 10 100 2893.82 0.861089 4366.12 824.667 495
10 19 LQF 100 10 100 2480.12 0.927124 2897.26 844.748 500
10 19 Lyui 100 10 100 20525.2 0.761924 34180.3 2602.29 422
10 19 Simple 100 10 100 2174.61 0.807847 3692.42 554.856 500
10 20 Balanced 100 10 100 2467.24 0.902338 3094.29 724.55 500
10 20 DRAND 100 10 100 23199.7 0.800691 36062.6 4914.37 500
10 20 Lobats 100 10 100 2990.43 0.861028 4520.63 831.071 492
10 20 LQF 100 10 100 2609.99 0.926169 3052.95 847.322 500
10 20 Lyui 100 10 100 20537.1 0.751987 34957.7 2499.39 421
10 20 Simple 100 10 100 2255.2 0.806715 3848.09 550.34 500
10 21 Balanced 100 10 100 2593.97 0.90607 3232.57 772.376 500
10 21 DRAND 100 10 100 23600.5 0.799555 37104.4 4979.31 500
10 21 Lobats 100 10 100 3074.43 0.858647 4680.88 837.421 496
10 21 LQF 100 10 100 2756.61 0.929789 3204.59 902.096 500
10 21 Lyui 100 10 100 21917.1 0.746927 37275.2 2333.71 438
10 21 Simple 100 10 100 2356.91 0.802448 4044.55 566.656 500
10 22 Balanced 100 10 100 2723.56 0.905062 3391.32 772.988 500
10 22 DRAND 100 10 100 24741.3 0.797222 38795.8 4949.68 500
10 22 Lobats 100 10 100 3285.54 0.858259 4965.06 848.907 497
10 22 LQF 100 10 100 2888.3 0.926917 3368.65 909.222 500
10 22 Lyui 100 10 100 22524.1 0.750277 38456 2432.24 429
10 22 Simple 100 10 100 2477.94 0.804986 4216.44 562.768 500
10 23 Balanced 100 10 100 2783.9 0.902032 3489.39 757.962 500
10 23 DRAND 100 10 100 25466.1 0.793814 40347.7 4905.72 500
10 23 Lobats 100 10 100 3360.31 0.856388 5094.18 860.539 495
10 23 LQF 100 10 100 2998.98 0.928899 3487.32 914.232 500
10 23 Lyui 100 10 100 23671.2 0.747505 40312.4 2464.16 415
10 23 Simple 100 10 100 2578.3 0.808901 4338.61 573.198 500
10 24 Balanced 100 10 100 2892.62 0.90046 3631.81 768.598 500
10 24 DRAND 100 10 100 26678 0.787978 42513.8 4871.18 499
10 24 Lobats 100 10 100 3445.14 0.854779 5228.54 813.18 495
10 24 LQF 100 10 100 3042.04 0.925746 3558.5 867.984 500
10 24 Lyui 100 10 100 24303.4 0.740179 42162.5 2302.64 429
10 24 Simple 100 10 100 2621.01 0.802775 4502.63 558.37 500
10 25 Balanced 100 10 100 3042.76 0.902083 3803.79 784.442 500
10 25 DRAND 100 10 100 27247.8 0.79044 43272.7 4924.62 500
10 25 Lobats 100 10 100 3580.19 0.855946 5435.62 870.804 495
10 25 LQF 100 10 100 3168.92 0.925371 3712.53 901.65 500
10 25 Lyui 100 10 100 24538.2 0.745777 42091.1 2232.69 417
10 25 Simple 100 10 100 2735.48 0.800385 4687.47 569.864 500
10 26 Balanced 100 10 100 3155.65 0.896182 3976.05 757.564 500
10 26 DRAND 100 10 100 27465.7 0.785422 44184 5070.56 499
10 26 Lobats 100 10 100 3669.96 0.85055 5614.79 843.087 495
10 26 LQF 100 10 100 3295.98 0.924647 3867.92 913.774 499
10 26 Lyui 100 10 100 25935.6 0.743484 44718.9 2366.35 429
10 26 Simple 100 10 100 2834.16 0.798727 4888.69 570.24 499
10 27 Balanced 100 10 100 3272.05 0.901463 4084.33 812.978 500
10 27 DRAND 100 10 100 28816.3 0.782247 46432.4 4952.64 499
10 27 Lobats 100 10 100 3790.88 0.850767 5806 874.471 497
10 27 LQF 100 10 100 3437.42 0.927858 4015.4 965.462 500
10 27 Lyui 100 10 100 25859.4 0.735852 45234.8 2237.59 415
10 27 Simple 100 10 100 2946.75 0.798452 5079.03 582.3 500
10 28 Balanced 100 10 100 3339.8 0.899037 4202.05 800.846 499
10 28 DRAND 100 10 100 29713.8 0.785805 47608.1 4574.21 500
10 28 Lobats 100 10 100 3944.47 0.848191 6023.23 864.465 493
10 28 LQF 100 10 100 3509.69 0.926176 4113.52 942.412 500
10 28 Lyui 100 10 100 26739.1 0.733116 46855.4 2016.68 411
10 28 Simple 100 10 100 3021.59 0.802467 5182.54 596.902 499
10 29 Balanced 100 10 100 3456.12 0.899306 4335.15 806.61 500
10 29 DRAND 100 10 100 30727.4 0.782818 49536.6 4981.28 500
10 29 Lobats 100 10 100 4073.06 0.851676 6213.51 882.691 495
10 29 LQF 100 10 100 3691.72 0.926126 4318.73 964.904 500
10 29 Lyui 100 10 100 27693.2 0.731667 48839.3 2048.91 413
10 29 Simple 100 10 100 3157.22 0.796852 5420.79 588.464 500
10 30 Balanced 100 10 100 3522.94 0.896241 4442.83 794.356 500
10 30 DRAND 100 10 100 31826.3 0.77017 52253.4 4610.93 499
10 30 Lobats 100 10 100 4106.53 0.848974 6293.77 867.665 495
10 30 LQF 100 10 100 3770.34 0.923449 4427.91 954.77 500
10 30 Lyui 100 10 100 28820.6 0.722368 51371.3 1973.88 417
10 30 Simple 100 10 100 3249.73 0.799691 5570.7 597.745 498
