10 0.0001 Balanced 0.0 100 10 100 0.0207235 28.9664 1021.81 0.987665 0.539306 0.539987 500
10 0.0001 DRAND 0.0 100 10 100 0.0198798 13773.6 15425.1 0.826091 0.506744 0.566728 500
10 0.0001 Lobats 0.0 100 10 100 0.0203546 528.166 1510.9 0.866087 0.62949 0.643503 500
10 0.0001 LocalVoting 0.0 100 10 100 0.0209936 41.6718 1054.58 0.961168 0.581088 0.554569 500
10 0.0001 LQF 0.0 100 10 100 0.0207546 7.55184 996.606 0.99045 0.493883 0.534997 500
10 0.0001 Lyui 0.0 100 10 100 0.0197142 13026 14650 0.681022 0.4809 0.537526 500
10 0.0001 Simple 0.0 100 10 100 0.0205074 438.048 1309.74 0.914673 0.230762 0.512351 500
10 0.0001778279 Balanced 0.0 100 10 100 0.036396 38.4995 1039.93 0.984687 0.448169 0.533502 500
10 0.0001778279 DRAND 0.0 100 10 100 0.0343368 17363.2 18743.9 0.739537 0.492057 0.564178 500
10 0.0001778279 Lobats 0.0 100 10 100 0.0354945 547.119 1533.8 0.862542 0.614663 0.62769 500
10 0.0001778279 LocalVoting 0.0 100 10 100 0.0359891 51.0568 1040.66 0.946624 0.509483 0.539844 500
10 0.0001778279 LQF 0.0 100 10 100 0.0364315 13.1032 1027.71 0.987868 0.300149 0.523774 500
10 0.0001778279 Lyui 0.0 100 10 100 0.0349233 16604.9 18059.8 0.589868 0.46028 0.530454 500
10 0.0001778279 Simple 0.0 100 10 100 0.0355643 480.899 1347.13 0.890926 0.205775 0.494068 500
10 0.0003162278 Balanced 0.0 100 10 100 0.0638698 49.8419 1055.83 0.978302 0.343734 0.525524 500
10 0.0003162278 DRAND 0.0 100 10 100 0.0587044 26862 28477.2 0.632955 0.492889 0.56669 500
10 0.0003162278 Lobats 0.0 100 10 100 0.0641306 616.373 1619.38 0.853763 0.579824 0.611532 500
10 0.0003162278 LocalVoting 0.0 100 10 100 0.0639247 64.4702 1057.12 0.940437 0.389425 0.532222 500
10 0.0003162278 LQF 0.0 100 10 100 0.0637131 23.8924 1042.56 0.981701 0.145813 0.511928 500
10 0.0003162278 Lyui 0.0 100 10 100 0.0577052 23717.8 25334.8 0.516714 0.446205 0.52354 500
10 0.0003162278 Simple 0.0 100 10 100 0.0638881 623.614 1497.03 0.835469 0.206976 0.492251 500
10 0.0005623413 Balanced 0.0 100 10 100 0.111763 85.188 1096.73 0.964936 0.220899 0.521313 500
10 0.0005623413 DRAND 0.0 100 10 100 0.0886222 39951.4 42266 0.544141 0.483992 0.548838 500
10 0.0005623413 Lobats 0.0 100 10 100 0.11301 726.827 1712.83 0.837767 0.541182 0.60364 500
10 0.0005623413 LocalVoting 0.0 100 10 100 0.112407 98.3008 1099.6 0.921882 0.2796 0.523587 500
10 0.0005623413 LQF 0.0 100 10 100 0.112628 54.3533 1092.67 0.968022 0.103276 0.505936 500
10 0.0005623413 Lyui 0.0 100 10 100 0.0916023 34761.6 36915.6 0.453027 0.435509 0.501976 500
10 0.0005623413 Simple 0.0 100 10 100 0.113257 938.179 1779.73 0.780444 0.226044 0.477184 500
10 0.001 Balanced 0.0 100 10 100 0.200537 168.499 1225.06 0.937729 0.193263 0.51493 500
10 0.001 DRAND 0.0 100 10 100 0.127666 53430.7 56316.2 0.43534 0.481613 0.535219 500
10 0.001 Lobats 0.0 100 10 100 0.200442 1028.47 1998.51 0.807185 0.49164 0.595826 500
10 0.001 LocalVoting 0.0 100 10 100 0.198838 185.147 1193.78 0.900966 0.225453 0.520919 500
10 0.001 LQF 0.0 100 10 100 0.200215 145.998 1276.31 0.929419 0.120182 0.494537 500
10 0.001 Lyui 0.0 100 10 100 0.133672 45895 48863.3 0.400551 0.423738 0.477362 500
10 0.001 Simple 0.0 100 10 100 0.199003 1577.49 2359.06 0.727186 0.283605 0.473089 500
10 0.0017782794 Balanced 0.0 100 10 100 0.356521 506.059 1718.28 0.862695 0.231584 0.490803 500
10 0.0017782794 DRAND 0.0 100 10 100 0.172092 63542.4 67598.2 0.352853 0.484158 0.530159 500
10 0.0017782794 Lobats 0.0 100 10 100 0.354354 2075 3027.03 0.722496 0.455968 0.574079 500
10 0.0017782794 LocalVoting 0.0 100 10 100 0.356833 505.013 1554.95 0.843933 0.24747 0.509135 500
10 0.0017782794 LQF 0.0 100 10 100 0.35743 480.395 1947.92 0.845021 0.186261 0.463019 500
10 0.0017782794 Lyui 0.0 100 10 100 0.188632 54596.8 58568.6 0.376735 0.431885 0.476246 500
10 0.0017782794 Simple 0.0 100 10 100 0.354962 3527.32 4239.54 0.691965 0.383139 0.492137 500
10 0.0031622777 Balanced 0.0 100 10 100 0.627683 3467.67 5480.02 0.707511 0.36941 0.48262 500
10 0.0031622777 DRAND 0.0 100 10 100 0.224485 70053.8 74818.4 0.297713 0.486477 0.526722 500
10 0.0031622777 Lobats 0.0 100 10 100 0.594235 15602.8 16664.2 0.571635 0.502376 0.550745 500
10 0.0031622777 LocalVoting 0.0 100 10 100 0.628256 3637.53 4875.28 0.719266 0.372623 0.506622 500
10 0.0031622777 LQF 0.0 100 10 100 0.627153 3547.3 7291.79 0.633227 0.330165 0.436096 500
10 0.0031622777 Lyui 0.0 100 10 100 0.253796 60492.8 65050.4 0.352542 0.431654 0.469214 500
10 0.0031622777 Simple 0.0 100 10 100 0.604877 14754.8 15503.6 0.687532 0.512487 0.545703 500
10 0.0056234133 Balanced 0.0 100 10 100 0.813867 37600 41575.6 0.607281 0.484137 0.508128 500
10 0.0056234133 DRAND 0.0 100 10 100 0.292199 76487.7 82602.5 0.258051 0.511543 0.546073 500
10 0.0056234133 Lobats 0.0 100 10 100 0.728456 48321.9 50449.5 0.519335 0.497601 0.52214 500
10 0.0056234133 LocalVoting 0.0 100 10 100 0.813719 35323.1 37421.1 0.59912 0.410534 0.438544 500
10 0.0056234133 LQF 0.0 100 10 100 0.793922 40196.7 47041.3 0.539622 0.536642 0.557648 500
10 0.0056234133 Lyui 0.0 100 10 100 0.338934 65279.5 70749.8 0.339559 0.446259 0.477379 500
10 0.0056234133 Simple 0.0 100 10 100 0.729114 46540.9 47832.6 0.706446 0.490707 0.502278 500
10 0.01 Balanced 0.0 100 10 100 0.88893 65492.7 70742.5 0.587219 0.537152 0.552954 500
10 0.01 DRAND 0.0 100 10 100 0.349611 89185.1 97184.5 0.227673 0.588894 0.613202 500
10 0.01 Lobats 0.0 100 10 100 0.809133 70198.7 73528.5 0.471849 0.543174 0.562109 500
10 0.01 LocalVoting 0.0 100 10 100 0.894249 55521.3 58814.8 0.546402 0.438969 0.459035 500
10 0.01 LQF 0.0 100 10 100 0.834872 72851.5 79673.8 0.523406 0.619708 0.633223 500
10 0.01 Lyui 0.0 100 10 100 0.435929 70858.7 78109.5 0.341643 0.479789 0.50322 500
10 0.01 Simple 0.0 100 10 100 0.780977 63087.2 64534.1 0.695883 0.521293 0.530105 500
10 0.0177827941 Balanced 0.0 100 10 100 0.929532 81724.5 88013.9 0.575957 0.570968 0.582849 500
10 0.0177827941 DRAND 0.0 100 10 100 0.381085 108103 119384 0.215441 0.676747 0.69096 500
10 0.0177827941 Lobats 0.0 100 10 100 0.862519 84552.4 89768.6 0.427119 0.584281 0.598301 500
10 0.0177827941 LocalVoting 0.0 100 10 100 0.944944 65813 71023.6 0.519745 0.473672 0.489008 500
10 0.0177827941 LQF 0.0 100 10 100 0.854813 97085.3 103902 0.503608 0.673899 0.68412 500
10 0.0177827941 Lyui 0.0 100 10 100 0.529506 80898.5 89926.1 0.343111 0.531098 0.545996 500
10 0.0177827941 Simple 0.0 100 10 100 0.826685 70962.7 72697.5 0.68347 0.549095 0.557386 500
10 0.0316227766 Balanced 0.0 100 10 100 0.97493 90686.4 98286.2 0.560475 0.59626 0.605629 500
10 0.0316227766 DRAND 0.0 100 10 100 0.408073 118040 132756 0.234346 0.679726 0.691012 500
10 0.0316227766 Lobats 0.0 100 10 100 0.898359 96535.9 104300 0.38431 0.625113 0.6334 500
10 0.0316227766 LocalVoting 0.0 100 10 100 0.978357 78443.3 85659.6 0.496799 0.561851 0.568496 500
10 0.0316227766 LQF 0.0 100 10 100 0.875 113544 120885 0.482081 0.704919 0.713646 500
10 0.0316227766 Lyui 0.0 100 10 100 0.61814 90204.4 101350 0.356377 0.567776 0.576094 500
10 0.0316227766 Simple 0.0 100 10 100 0.867891 73585.9 75297.1 0.659119 0.559061 0.567339 500
10 0.0562341325 Balanced 0.0 100 10 100 1.0213 96943.2 103939 0.540244 0.631331 0.639085 500
10 0.0562341325 DRAND 0.0 100 10 100 0.458353 114432 134347 0.283406 0.630594 0.642384 500
10 0.0562341325 Lobats 0.0 100 10 100 0.931359 104350 115631 0.373103 0.638821 0.643137 500
10 0.0562341325 LocalVoting 0.0 100 10 100 1.034 96939.4 103566 0.475014 0.661846 0.667883 500
10 0.0562341325 LQF 0.0 100 10 100 0.909703 121589 129806 0.459382 0.699502 0.708171 500
10 0.0562341325 Lyui 0.0 100 10 100 0.715637 96441.4 110782 0.371645 0.580335 0.585642 500
10 0.0562341325 Simple 0.0 100 10 100 0.922348 69850.9 71704.6 0.654525 0.550171 0.55934 500
10 0.1 Balanced 0.0 100 10 100 1.11374 105762 113586 0.483431 0.647652 0.654293 485
10 0.1 DRAND 0.0 100 10 100 0.546547 99953.2 127279 0.357185 0.556736 0.569741 500
10 0.1 Lobats 0.0 100 10 100 1.00668 105006 121086 0.378263 0.621052 0.623866 500
10 0.1 LocalVoting 0.0 100 10 100 1.12341 107768 115440 0.424308 0.657377 0.664239 500
10 0.1 LQF 0.0 100 10 100 0.98864 119689 129805 0.455741 0.658131 0.667513 500
10 0.1 Lyui 0.0 100 10 100 0.829368 96567.8 115265 0.395663 0.566854 0.570917 500
10 0.1 Simple 0.0 100 10 100 0.997659 67231.6 69531.2 0.669537 0.526641 0.535855 500
