10 1 Balanced 100 10 100 518.742 1 518.742 518.742 500
10 1 DRAND 100 10 100 5969.52 1 5969.52 5969.52 500
10 1 Lobats 100 10 100 944.67 1 944.67 944.67 500
10 1 LocalVoting 100 10 100 544.516 1 544.516 544.516 500
10 1 LQF 100 10 100 498.05 1 498.05 498.05 500
10 1 Lyui 100 10 100 6050.77 1 6050.77 6050.77 492
10 1 Simple 100 10 100 581.79 1 581.79 581.79 500
10 2 Balanced 100 10 100 559.364 0.99943 569.386 549.342 500
10 2 DRAND 100 10 100 7279.45 0.991556 7381.85 7177.04 500
10 2 Lobats 100 10 100 1045.41 0.960811 1215.23 875.585 499
10 2 LocalVoting 100 10 100 574.189 0.998656 589.138 559.24 500
10 2 LQF 100 10 100 524.863 0.999984 526.52 523.206 500
10 2 Lyui 100 10 100 7003.89 0.956168 7542.25 6465.53 488
10 2 Simple 100 10 100 649.844 0.985058 711.932 587.756 500
10 3 Balanced 100 10 100 632.882 0.996201 661.392 595.092 500
10 3 DRAND 100 10 100 8369.43 0.961443 9231.26 6735.38 500
10 3 Lobats 100 10 100 1182.96 0.942383 1472.57 875.318 500
10 3 LocalVoting 100 10 100 647.507 0.99563 680.076 606.154 500
10 3 LQF 100 10 100 606.805 0.998555 616.248 590.942 500
10 3 Lyui 100 10 100 8108.97 0.929403 9384.74 5844.12 484
10 3 Simple 100 10 100 717.826 0.967348 853.76 583.126 500
10 4 Balanced 100 10 100 733.745 0.984915 798.364 615.362 500
10 4 DRAND 100 10 100 9246.61 0.934514 10963.5 6389.87 500
10 4 Lobats 100 10 100 1254.96 0.924732 1648.94 815.57 500
10 4 LocalVoting 100 10 100 740.558 0.986097 805.904 628.236 500
10 4 LQF 100 10 100 719.829 0.990021 753.85 635.934 500
10 4 Lyui 100 10 100 8725.92 0.903252 10822.5 5266.53 483
10 4 Simple 100 10 100 815.097 0.942012 1052.19 572.074 500
10 5 Balanced 100 10 100 836.918 0.971415 944.324 626.66 500
10 5 DRAND 100 10 100 10552.9 0.916588 13041.2 6427.7 500
10 5 Lobats 100 10 100 1349.9 0.918824 1810.14 819.906 499
10 5 LocalVoting 100 10 100 859.493 0.971598 970.086 633.86 500
10 5 LQF 100 10 100 812.826 0.978189 879.33 638.088 500
10 5 Lyui 100 10 100 9588.96 0.873529 12813.8 4826.6 480
10 5 Simple 100 10 100 903.605 0.921148 1234.51 567.574 500
10 6 Balanced 100 10 100 941.309 0.960847 1087.29 633.662 500
10 6 DRAND 100 10 100 11403.7 0.894598 14759.3 6162.26 500
10 6 Lobats 100 10 100 1448.28 0.906768 2008.52 792.838 500
10 6 LocalVoting 100 10 100 959.704 0.961449 1108.06 643.26 500
10 6 LQF 100 10 100 949.275 0.970199 1039.19 689.018 500
10 6 Lyui 100 10 100 10217.8 0.849507 14373.9 4230.37 475
10 6 Simple 100 10 100 997.571 0.903306 1425.55 563.428 500
10 7 Balanced 100 10 100 1057.41 0.947774 1248.14 640.502 500
10 7 DRAND 100 10 100 12280 0.889535 16177.1 6124.93 500
10 7 Lobats 100 10 100 1567.72 0.903425 2188.15 813.476 500
10 7 LocalVoting 100 10 100 1056.86 0.947985 1251.46 637.708 500
10 7 LQF 100 10 100 1049 0.958256 1173.91 688.616 500
10 7 Lyui 100 10 100 11249.4 0.836845 16046.7 4190.69 476
10 7 Simple 100 10 100 1073.86 0.879284 1616.4 549.964 500
10 8 Balanced 100 10 100 1172.36 0.943683 1387.34 665.534 500
10 8 DRAND 100 10 100 12949 0.873904 17666.1 6052.28 500
10 8 Lobats 100 10 100 1680.75 0.89639 2392.61 805.769 498
10 8 LocalVoting 100 10 100 1175.82 0.942775 1406.43 677.354 500
10 8 LQF 100 10 100 1185.38 0.950959 1337.87 699.89 500
10 8 Lyui 100 10 100 12354.8 0.825924 18095.6 4131 455
10 8 Simple 100 10 100 1175.87 0.869134 1797.57 547.794 500
10 9 Balanced 100 10 100 1255.81 0.933196 1514.31 654.892 500
10 9 DRAND 100 10 100 14116.1 0.861806 19570.3 6029.68 500
10 9 Lobats 100 10 100 1742.45 0.888549 2526.08 779.155 496
10 9 LocalVoting 100 10 100 1288.99 0.933914 1566.34 672.372 500
10 9 LQF 100 10 100 1315.41 0.94494 1496.18 710.682 500
10 9 Lyui 100 10 100 13076.2 0.823566 19368.7 4103.74 453
10 9 Simple 100 10 100 1263.56 0.85982 1966.02 553.356 500
10 10 Balanced 100 10 100 1407.09 0.928424 1699.84 686.512 500
10 10 DRAND 100 10 100 14863.9 0.85627 20967.2 5988.76 500
10 10 Lobats 100 10 100 1914.55 0.882589 2784.59 779.257 499
10 10 LocalVoting 100 10 100 1391.41 0.924799 1712.06 661.042 500
10 10 LQF 100 10 100 1429.39 0.941421 1634.37 745.088 500
10 10 Lyui 100 10 100 13934.5 0.811424 20934.9 3678.52 458
10 10 Simple 100 10 100 1341.41 0.845331 2146.31 546.752 500
10 11 Balanced 100 10 100 1493.74 0.92581 1814.09 704.51 500
10 11 DRAND 100 10 100 15576.6 0.849286 22277.7 5811.76 500
10 11 Lobats 100 10 100 1985.91 0.884903 2894.32 810.135 498
10 11 LocalVoting 100 10 100 1486.97 0.923705 1841.13 688.882 500
10 11 LQF 100 10 100 1527.75 0.937953 1758.06 746.112 500
10 11 Lyui 100 10 100 14187.7 0.797043 21986.9 3362.36 448
10 11 Simple 100 10 100 1415.72 0.83866 2293.52 540.362 500
10 12 Balanced 100 10 100 1600.06 0.922395 1950.92 701.626 500
10 12 DRAND 100 10 100 16798.4 0.842518 24250.7 5639.55 500
10 12 Lobats 100 10 100 2094.56 0.877527 3096.48 788.705 498
10 12 LocalVoting 100 10 100 1609.6 0.917493 2005.65 684.108 500
10 12 LQF 100 10 100 1666.58 0.934724 1919.71 742.956 500
10 12 Lyui 100 10 100 14979.3 0.804118 23092.5 3364.25 451
10 12 Simple 100 10 100 1533.08 0.832752 2512.66 544.85 500
10 13 Balanced 100 10 100 1704.79 0.918113 2092.85 692.702 500
10 13 DRAND 100 10 100 17201.2 0.827996 25477.5 5353.56 500
10 13 Lobats 100 10 100 2249.07 0.875429 3323.51 801.056 498
10 13 LocalVoting 100 10 100 1716.03 0.91749 2149.67 711.842 500
10 13 LQF 100 10 100 1790.07 0.934952 2061.4 795.696 500
10 13 Lyui 100 10 100 15793.7 0.784938 25170.4 3088.36 440
10 13 Simple 100 10 100 1640.26 0.826929 2710.61 545.16 500
10 14 Balanced 100 10 100 1789.51 0.914601 2206.82 712.088 500
10 14 DRAND 100 10 100 18423.6 0.82478 27432.4 5381.98 500
10 14 Lobats 100 10 100 2377.04 0.870451 3526.94 801.291 499
10 14 LocalVoting 100 10 100 1806.64 0.912962 2273.93 735.776 500
10 14 LQF 100 10 100 1890.13 0.930098 2195.87 786.468 500
10 14 Lyui 100 10 100 16519.2 0.776641 26746.5 3243.49 446
10 14 Simple 100 10 100 1727.79 0.824853 2856.81 561.664 500
10 15 Balanced 100 10 100 1938.53 0.910931 2394.13 696.984 500
10 15 DRAND 100 10 100 19037.2 0.821228 28766.7 5505.51 500
10 15 Lobats 100 10 100 2441.31 0.87296 3644.74 824.448 498
10 15 LocalVoting 100 10 100 1917.93 0.911562 2423.32 730.894 500
10 15 LQF 100 10 100 2026.67 0.931464 2346.8 806.936 500
10 15 Lyui 100 10 100 17669 0.775012 28576.9 3085.02 442
10 15 Simple 100 10 100 1786.99 0.81807 3004.89 555.32 500
10 16 Balanced 100 10 100 2039.16 0.911724 2523.31 729.214 500
10 16 DRAND 100 10 100 19485.3 0.819503 29684.5 5467.79 500
10 16 Lobats 100 10 100 2549.02 0.866044 3828.42 821.936 498
10 16 LocalVoting 100 10 100 2057.87 0.906618 2620.67 747.292 500
10 16 LQF 100 10 100 2131.31 0.931117 2474.52 819.982 500
10 16 Lyui 100 10 100 18553.8 0.770628 30248.7 2827.8 441
10 16 Simple 100 10 100 1921.85 0.815703 3202.47 545.096 500
10 17 Balanced 100 10 100 2102.38 0.907966 2618.86 717.122 500
10 17 DRAND 100 10 100 20343.2 0.814987 30966.6 5369.84 500
10 17 Lobats 100 10 100 2676.16 0.863742 4017.67 841.554 495
10 17 LocalVoting 100 10 100 2144.04 0.903965 2741.38 748.344 500
10 17 LQF 100 10 100 2268.56 0.929817 2636.65 868.268 500
10 17 Lyui 100 10 100 18836.1 0.75675 31390.7 2734.88 434
10 17 Simple 100 10 100 2013.71 0.810925 3396.2 558.572 500
10 18 Balanced 100 10 100 2278.68 0.907885 2832.64 745.04 500
10 18 DRAND 100 10 100 21546.9 0.80809 33096.2 5118.07 500
10 18 Lobats 100 10 100 2767.24 0.863228 4171.62 835.134 500
10 18 LocalVoting 100 10 100 2241.08 0.901942 2880.92 747.776 500
10 18 LQF 100 10 100 2370.86 0.928671 2762.06 830.37 500
10 18 Lyui 100 10 100 19798 0.769368 32536.6 2797.97 434
10 18 Simple 100 10 100 2096.46 0.811844 3540.27 549.066 500
10 19 Balanced 100 10 100 2369.38 0.906194 2951.64 740.406 500
10 19 DRAND 100 10 100 22610.5 0.804268 35036.5 5157.88 500
10 19 Lobats 100 10 100 2899.09 0.862292 4383.04 853.535 499
10 19 LocalVoting 100 10 100 2361.73 0.901639 3030.38 749.544 500
10 19 LQF 100 10 100 2474.67 0.929266 2880.35 860.336 500
10 19 Lyui 100 10 100 20515.1 0.761032 34204.4 2872.15 432
10 19 Simple 100 10 100 2155.29 0.806592 3670.49 549.594 500
10 20 Balanced 100 10 100 2476.67 0.902599 3100.74 755.432 500
10 20 DRAND 100 10 100 22695.4 0.802965 35381 5027.76 500
10 20 Lobats 100 10 100 3024.6 0.859054 4579.99 847.952 497
10 20 LocalVoting 100 10 100 2452.02 0.899575 3161.19 753.556 500
10 20 LQF 100 10 100 2629.52 0.9252 3070.85 866.968 500
10 20 Lyui 100 10 100 21023.5 0.756989 35340.7 2574.9 430
10 20 Simple 100 10 100 2302.68 0.805936 3907.43 550.862 500
10 21 Balanced 100 10 100 2596.87 0.901782 3253.66 765.444 500
10 21 DRAND 100 10 100 24594.6 0.799702 38530.2 5203.22 500
10 21 Lobats 100 10 100 3118.32 0.859638 4712.64 839.145 497
10 21 LocalVoting 100 10 100 2542.57 0.896452 3296.4 758.984 500
10 21 LQF 100 10 100 2731.84 0.929396 3181.09 906.204 500
10 21 Lyui 100 10 100 21927 0.752979 37110.6 2628.06 438
10 21 Simple 100 10 100 2392.34 0.800992 4107.23 554.984 500
10 22 Balanced 100 10 100 2674.29 0.904491 3345.12 788.276 500
10 22 DRAND 100 10 100 24293.9 0.794743 38445.2 4653.71 500
10 22 Lobats 100 10 100 3260.62 0.859331 4920.02 849.741 498
10 22 LocalVoting 100 10 100 2690.7 0.896842 3470.08 779.372 500
10 22 LQF 100 10 100 2863.45 0.930278 3327.3 904.332 500
10 22 Lyui 100 10 100 22241 0.744237 38196.4 2455.07 427
10 22 Simple 100 10 100 2485.55 0.805613 4216.91 562.256 500
10 23 Balanced 100 10 100 2774.2 0.900844 3484.04 772.044 500
10 23 DRAND 100 10 100 26207 0.791884 41292.1 4992.39 500
10 23 Lobats 100 10 100 3317.09 0.853793 5063.4 840.063 495
10 23 LocalVoting 100 10 100 2767.07 0.895092 3589.29 772.074 500
10 23 LQF 100 10 100 2957.7 0.927312 3455.7 908.064 500
10 23 Lyui 100 10 100 23322.1 0.745656 39888.6 2320.33 411
10 23 Simple 100 10 100 2534.79 0.802186 4352.26 570.914 500
10 24 Balanced 100 10 100 2923.1 0.900017 3672.75 780.326 500
10 24 DRAND 100 10 100 26815.7 0.794942 42281.6 4811.03 500
10 24 Lobats 100 10 100 3437.5 0.851514 5272.01 855.772 500
10 24 LocalVoting 100 10 100 2826.88 0.892402 3694.97 794.33 500
10 24 LQF 100 10 100 3142.58 0.92771 3660.82 930.93 500
10 24 Lyui 100 10 100 24487.5 0.745953 41809 2162.81 430
10 24 Simple 100 10 100 2671.59 0.801754 4574.43 571.182 500
10 25 Balanced 100 10 100 3034.69 0.900337 3804.22 776.764 500
10 25 DRAND 100 10 100 27288.4 0.790678 43546.8 5041.14 500
10 25 Lobats 100 10 100 3577.99 0.853046 5435.81 858.62 497
10 25 LocalVoting 100 10 100 2987.94 0.892711 3882.6 783.78 500
10 25 LQF 100 10 100 3255.45 0.930506 3773.87 964.63 500
10 25 Lyui 100 10 100 24258.5 0.741156 41996.9 2103.57 447
10 25 Simple 100 10 100 2730.98 0.800076 4724.25 570.716 500
10 26 Balanced 100 10 100 3081.57 0.8981 3887.67 769.46 500
10 26 DRAND 100 10 100 27857.4 0.781939 44831.3 4715.34 500
10 26 Lobats 100 10 100 3681.76 0.85448 5602.99 851.925 496
10 26 LocalVoting 100 10 100 3098.4 0.891988 4034.93 801.282 500
10 26 LQF 100 10 100 3344.2 0.928858 3902.21 989.226 500
10 26 Lyui 100 10 100 25987.3 0.7382 44969.4 2177.13 417
10 26 Simple 100 10 100 2843.97 0.801303 4861.13 571.498 500
10 27 Balanced 100 10 100 3223.88 0.897174 4069.26 795.206 500
10 27 DRAND 100 10 100 27707.6 0.785365 44805.7 4451.71 500
10 27 Lobats 100 10 100 3791.3 0.852763 5780.68 887.133 498
10 27 LocalVoting 100 10 100 3148.01 0.887271 4138.07 778.866 500
10 27 LQF 100 10 100 3428.26 0.927692 4004.81 966.056 500
10 27 Lyui 100 10 100 26234.9 0.738627 45567.6 2188 411
10 27 Simple 100 10 100 2897.85 0.798426 5047.33 586.414 500
10 28 Balanced 100 10 100 3372.93 0.89905 4236.31 793.58 500
10 28 DRAND 100 10 100 29666.8 0.784218 47849 4785.31 500
10 28 Lobats 100 10 100 3927.58 0.84935 6021.01 869.094 499
10 28 LocalVoting 100 10 100 3306.12 0.89064 4306.16 815.708 500
10 28 LQF 100 10 100 3603.84 0.926766 4208.9 966.944 500
10 28 Lyui 100 10 100 27275.7 0.730155 47857.9 2055.73 416
10 28 Simple 100 10 100 2999.69 0.797879 5182.27 592.13 500
10 29 Balanced 100 10 100 3437.87 0.899064 4323.02 768.25 500
10 29 DRAND 100 10 100 30912.6 0.775992 50376.3 4588.16 500
10 29 Lobats 100 10 100 4071.71 0.850246 6213.33 894.41 495
10 29 LocalVoting 100 10 100 3374.97 0.886689 4430.95 800.008 500
10 29 LQF 100 10 100 3662.18 0.926298 4286.14 954.48 500
10 29 Lyui 100 10 100 28718.1 0.735139 50157.6 2259.04 414
10 29 Simple 100 10 100 3097.64 0.797706 5364.36 588.224 500
10 30 Balanced 100 10 100 3490.38 0.898528 4404.21 808.122 500
10 30 DRAND 100 10 100 30879.8 0.778287 50292 4519.43 500
10 30 Lobats 100 10 100 4166.66 0.848841 6362.54 877.955 492
10 30 LocalVoting 100 10 100 3436.56 0.885377 4541.68 795.252 500
10 30 LQF 100 10 100 3774.2 0.927371 4415.02 980.586 500
10 30 Lyui 100 10 100 28772.6 0.732415 50387.1 2078.3 410
10 30 Simple 100 10 100 3202.5 0.796646 5537.02 579.85 500
