100 10 100 10 0.0001 0.001 0.0 0.0206888 324.072 1240.55 0.9363 0.236803 0.529147 500
100 10 100 10 0.0001 0.01 0.0 0.0207748 216.739 1169.22 0.959244 0.247968 0.534794 500
100 10 100 10 0.0001 0.1 0.0 0.0203267 40.6277 1027.87 0.986418 0.476519 0.540854 500
100 10 100 10 0.0001 1.0 0.0 0.0206055 25.4722 1023.71 0.969337 0.515306 0.545282 500
100 10 100 10 0.0001 10.0 0.0 0.0205649 26.0753 1014.43 0.969276 0.518627 0.533273 500
100 10 100 10 0.0001 100.0 0.0 0.0206805 26.3332 1011.31 0.960411 0.509366 0.541418 500
100 10 100 10 0.0001 1000.0 0.0 0.020807 26.8883 1013.89 0.965422 0.509703 0.539107 500
100 10 100 10 0.001 0.001 0.0 0.200739 994.019 1930.19 0.803371 0.295408 0.528466 500
100 10 100 10 0.001 0.01 0.0 0.199608 511.762 1498.33 0.887119 0.27657 0.543079 500
100 10 100 10 0.001 0.1 0.0 0.200702 252.911 1272.5 0.93434 0.210899 0.516604 500
100 10 100 10 0.001 1.0 0.0 0.199862 182.005 1200.52 0.881488 0.193687 0.512952 500
100 10 100 10 0.001 10.0 0.0 0.199859 178.08 1170.02 0.889066 0.192957 0.511983 500
100 10 100 10 0.001 100.0 0.0 0.198626 182.317 1168.63 0.88233 0.186318 0.510592 500
100 10 100 10 0.001 1000.0 0.0 0.200519 174.461 1169.23 0.889122 0.193177 0.514832 500
100 10 100 10 0.01 0.001 0.0 0.828052 69059.4 73017.5 0.734667 0.564237 0.578625 500
100 10 100 10 0.01 0.01 0.0 0.826058 67995.2 72338 0.739208 0.560973 0.581212 500
100 10 100 10 0.01 0.1 0.0 0.831418 69515.7 74450.6 0.743814 0.580281 0.599229 500
100 10 100 10 0.01 1.0 0.0 0.913008 70706.1 76037.4 0.564702 0.597896 0.618878 500
100 10 100 10 0.01 10.0 0.0 0.901938 65512.8 69979 0.524322 0.532949 0.556087 500
100 10 100 10 0.01 100.0 0.0 0.901178 65888.6 70235.9 0.53708 0.533437 0.55413 500
100 10 100 10 0.01 1000.0 0.0 0.896604 65966.7 70240 0.543092 0.533695 0.553636 500
100 10 100 10 0.1 0.001 0.0 0.985971 80771.6 83664.1 0.619411 0.592983 0.601468 500
100 10 100 10 0.1 0.01 0.0 0.976364 82623.6 85628.3 0.601631 0.598626 0.607009 500
100 10 100 10 0.1 0.1 0.0 0.986165 89657.8 93195.9 0.565205 0.617841 0.625773 500
100 10 100 10 0.1 1.0 0.0 1.13599 113096 123212 0.382929 0.663477 0.671518 500
100 10 100 10 0.1 10.0 0.0 1.13426 114678 124972 0.382026 0.661962 0.669966 485
100 10 100 10 0.1 100.0 0.0 1.13126 113356 123479 0.399612 0.659855 0.668088 500
100 10 100 10 0.1 1000.0 0.0 1.12788 113385 123232 0.399252 0.660494 0.668483 500
