10 1 Balanced 100 10 100 518.064 1 518.064 518.064 500
10 1 DRAND 100 10 100 5986.13 1 5986.13 5986.13 500
10 1 Lobats 100 10 100 939.094 1 939.094 939.094 500
10 1 LocalVoting 100 10 100 519.994 1 519.994 519.994 500
10 1 LQF 100 10 100 498.062 1 498.062 498.062 500
10 1 Lyui 100 10 100 5909.99 1 5909.99 5909.99 491
10 1 Simple 100 10 100 581.108 1 581.108 581.108 500
10 2 Balanced 100 10 100 558.863 0.999453 568.334 549.392 500
10 2 DRAND 100 10 100 7408.65 0.991553 7509.27 7308.04 500
10 2 Lobats 100 10 100 1058.95 0.965503 1214.52 903.375 499
10 2 LocalVoting 100 10 100 560.217 0.999253 572.072 548.362 500
10 2 LQF 100 10 100 527.363 0.999984 528.992 525.734 500
10 2 Lyui 100 10 100 6957.48 0.954123 7490.15 6424.81 488
10 2 Simple 100 10 100 655.896 0.985156 718.676 593.116 500
10 3 Balanced 100 10 100 643.219 0.996023 672.07 605.186 500
10 3 DRAND 100 10 100 8443.81 0.960234 9345.11 6749.95 500
10 3 Lobats 100 10 100 1140.13 0.939826 1430.09 834.936 498
10 3 LocalVoting 100 10 100 646.277 0.995689 677.544 605.868 500
10 3 LQF 100 10 100 610.769 0.998412 620.926 593.598 500
10 3 Lyui 100 10 100 7867.99 0.934926 9033.84 5798.77 483
10 3 Simple 100 10 100 725.605 0.964841 867.468 577.272 500
10 4 Balanced 100 10 100 726.952 0.985483 789.634 612.574 500
10 4 DRAND 100 10 100 9686.02 0.938169 11461.7 6823.04 500
10 4 Lobats 100 10 100 1278.95 0.926459 1666.29 835.606 500
10 4 LocalVoting 100 10 100 753.396 0.984947 822.74 632.694 500
10 4 LQF 100 10 100 715.396 0.990585 748.058 637.174 500
10 4 Lyui 100 10 100 8628.29 0.894105 10916.4 4957.16 480
10 4 Simple 100 10 100 811.181 0.941773 1048.16 569.044 500
10 5 Balanced 100 10 100 835.207 0.972499 941.366 625.018 500
10 5 DRAND 100 10 100 10500.1 0.912731 13180.6 6279.26 500
10 5 Lobats 100 10 100 1394.73 0.916381 1873.93 842.113 496
10 5 LocalVoting 100 10 100 853.656 0.97194 965.422 632.804 500
10 5 LQF 100 10 100 827.323 0.978792 891.958 653.62 500
10 5 Lyui 100 10 100 9712.33 0.883431 12642 5101.32 464
10 5 Simple 100 10 100 891.954 0.923018 1222.21 568.81 500
10 6 Balanced 100 10 100 944.675 0.961075 1088.22 646.888 500
10 6 DRAND 100 10 100 11350.2 0.897885 14632 6125.86 500
10 6 Lobats 100 10 100 1454.04 0.908555 2014.94 808.77 500
10 6 LocalVoting 100 10 100 957.144 0.958996 1113.86 635.87 500
10 6 LQF 100 10 100 942.194 0.964894 1044.94 649.952 500
10 6 Lyui 100 10 100 10568 0.853781 14608.9 4451.44 470
10 6 Simple 100 10 100 990.164 0.901533 1418.6 552.966 500
10 7 Balanced 100 10 100 1052.03 0.950077 1236.02 652.678 500
10 7 DRAND 100 10 100 12455.5 0.885227 16504.1 6089.68 500
10 7 Lobats 100 10 100 1559.61 0.898222 2203.45 786.561 499
10 7 LocalVoting 100 10 100 1061.14 0.948504 1255.18 655.766 500
10 7 LQF 100 10 100 1055.58 0.959051 1179.43 688.878 500
10 7 Lyui 100 10 100 11377.6 0.851226 15896.2 4322.15 469
10 7 Simple 100 10 100 1080.99 0.880384 1626.66 551.726 500
10 8 Balanced 100 10 100 1162.88 0.93692 1395.14 645.378 500
10 8 DRAND 100 10 100 13245.3 0.872269 18027.1 6160.24 500
10 8 Lobats 100 10 100 1688.7 0.897564 2388.1 801.182 499
10 8 LocalVoting 100 10 100 1152.03 0.940702 1387.85 651.48 500
10 8 LQF 100 10 100 1167.48 0.952454 1319.37 699.396 500
10 8 Lyui 100 10 100 12253.8 0.828535 17857 4050.59 463
10 8 Simple 100 10 100 1166.32 0.869147 1792.12 549.332 500
10 9 Balanced 100 10 100 1264.7 0.935816 1516 673.146 500
10 9 DRAND 100 10 100 14113.9 0.863442 19598.3 5868.2 500
10 9 Lobats 100 10 100 1795.89 0.888893 2586.87 786.998 499
10 9 LocalVoting 100 10 100 1251.28 0.934142 1528.82 670.328 500
10 9 LQF 100 10 100 1276.38 0.944525 1458.17 716.204 500
10 9 Lyui 100 10 100 13184.8 0.81391 19716 3969.47 474
10 9 Simple 100 10 100 1291.82 0.853858 2036.94 548.704 500
10 10 Balanced 100 10 100 1364.47 0.928468 1656.16 666.44 500
10 10 DRAND 100 10 100 14950.7 0.856692 21072 5916.86 500
10 10 Lobats 100 10 100 1909.37 0.884782 2774.8 810.14 500
10 10 LocalVoting 100 10 100 1367.36 0.927219 1682.8 677.374 500
10 10 LQF 100 10 100 1420.35 0.941501 1624.27 738.622 500
10 10 Lyui 100 10 100 13852.3 0.808364 20922.5 3758.9 457
10 10 Simple 100 10 100 1342.91 0.849065 2127.33 544.604 500
10 11 Balanced 100 10 100 1495.84 0.924206 1819.06 697.548 500
10 11 DRAND 100 10 100 15664.5 0.847136 22425.9 5714.96 500
10 11 Lobats 100 10 100 1984.41 0.882213 2913.33 799.6 497
10 11 LocalVoting 100 10 100 1477.53 0.919959 1831.76 689.928 500
10 11 LQF 100 10 100 1527.92 0.937664 1760.09 746.002 500
10 11 Lyui 100 10 100 14129.3 0.800509 21980.7 3628.63 445
10 11 Simple 100 10 100 1443.25 0.839244 2349.27 546.326 500
10 12 Balanced 100 10 100 1605.83 0.917644 1970.46 688.662 500
10 12 DRAND 100 10 100 16938.9 0.841678 24525.6 5875.36 500
10 12 Lobats 100 10 100 2100.43 0.876589 3097.67 783.352 500
10 12 LocalVoting 100 10 100 1632.47 0.917694 2031.42 702.668 500
10 12 LQF 100 10 100 1647.99 0.9346 1903.32 742.272 500
10 12 Lyui 100 10 100 14833.4 0.794192 23312.6 3502.85 454
10 12 Simple 100 10 100 1546.27 0.833613 2513.44 554.794 500
10 13 Balanced 100 10 100 1666.89 0.917806 2051.37 685.12 500
10 13 DRAND 100 10 100 17894.9 0.833505 26287.5 5565.92 500
10 13 Lobats 100 10 100 2222.44 0.872826 3300.4 807.132 499
10 13 LocalVoting 100 10 100 1700.6 0.917635 2125.3 701.098 500
10 13 LQF 100 10 100 1768.47 0.934305 2040.33 781.226 500
10 13 Lyui 100 10 100 15912.7 0.789943 25135 3205.96 442
10 13 Simple 100 10 100 1630.71 0.8261 2703.31 550.58 500
10 14 Balanced 100 10 100 1857.24 0.917551 2268.55 732.004 500
10 14 DRAND 100 10 100 18291.5 0.82409 27379.2 5401.78 500
10 14 Lobats 100 10 100 2325.17 0.873521 3454.17 805.65 500
10 14 LocalVoting 100 10 100 1798.78 0.911127 2273.33 711.082 500
10 14 LQF 100 10 100 1852.29 0.931824 2149.19 776.494 500
10 14 Lyui 100 10 100 16370.9 0.774706 26672.4 3060.12 433
10 14 Simple 100 10 100 1723.77 0.822988 2870.06 560.706 500
10 15 Balanced 100 10 100 1912.54 0.912409 2369.65 706.678 500
10 15 DRAND 100 10 100 19004.7 0.826357 28469.1 5464.72 500
10 15 Lobats 100 10 100 2439.32 0.865537 3677.56 796.616 498
10 15 LocalVoting 100 10 100 1913.6 0.905786 2438.41 715.394 500
10 15 LQF 100 10 100 2009.41 0.93028 2333.55 812.448 500
10 15 Lyui 100 10 100 17736 0.773172 28762.5 2983.79 433
10 15 Simple 100 10 100 1809.13 0.818697 3043.48 552.904 500
10 16 Balanced 100 10 100 2001.2 0.906444 2497.03 700.546 500
10 16 DRAND 100 10 100 20166 0.815267 30610.2 5266.03 500
10 16 Lobats 100 10 100 2543.04 0.865531 3830.51 800.273 495
10 16 LocalVoting 100 10 100 2014.38 0.90961 2550.88 731.478 500
10 16 LQF 100 10 100 2136.11 0.930106 2480.53 796.332 500
10 16 Lyui 100 10 100 18004.5 0.772053 29379.8 2870.13 430
10 16 Simple 100 10 100 1903.93 0.817804 3174.36 544.578 500
10 17 Balanced 100 10 100 2172.98 0.909301 2693.57 702.716 500
10 17 DRAND 100 10 100 20833.3 0.814119 31749.3 5191.68 500
10 17 Lobats 100 10 100 2711.73 0.867483 4042.3 823.516 498
10 17 LocalVoting 100 10 100 2099.79 0.904797 2682.59 730.602 500
10 17 LQF 100 10 100 2254.09 0.927472 2629.49 813.156 500
10 17 Lyui 100 10 100 19378.5 0.770411 31589.9 3003.14 445
10 17 Simple 100 10 100 2021.22 0.811677 3418.5 555.558 500
10 18 Balanced 100 10 100 2255.32 0.908446 2801.03 746.52 500
10 18 DRAND 100 10 100 21365.7 0.81032 32940.7 5170.59 500
10 18 Lobats 100 10 100 2749.67 0.862117 4153.66 826.586 497
10 18 LocalVoting 100 10 100 2239.24 0.905573 2847.07 756.532 500
10 18 LQF 100 10 100 2396.81 0.932543 2773.48 864.454 500
10 18 Lyui 100 10 100 19721.4 0.760491 32924.3 2718.96 437
10 18 Simple 100 10 100 2099.79 0.808325 3582.93 568.972 500
10 19 Balanced 100 10 100 2352.43 0.905273 2941.57 761.392 500
10 19 DRAND 100 10 100 22355.3 0.805625 34512.7 4957.29 500
10 19 Lobats 100 10 100 2939.13 0.86125 4418.03 822.481 497
10 19 LocalVoting 100 10 100 2307.17 0.902985 2956.03 751.078 500
10 19 LQF 100 10 100 2492.19 0.926714 2907.8 872.774 500
10 19 Lyui 100 10 100 20174.3 0.761762 33856.6 2808.49 442
10 19 Simple 100 10 100 2210.37 0.801463 3791.56 549.582 500
10 20 Balanced 100 10 100 2436.27 0.903123 3053.19 744.006 500
10 20 DRAND 100 10 100 23714.7 0.80127 36943.9 5060.52 500
10 20 Lobats 100 10 100 3032.29 0.861068 4563.28 829.264 496
10 20 LocalVoting 100 10 100 2451.57 0.899871 3144.69 764.592 500
10 20 LQF 100 10 100 2573.93 0.928045 3007.23 889.7 500
10 20 Lyui 100 10 100 21378.2 0.749953 36409.7 2681.37 428
10 20 Simple 100 10 100 2310.73 0.804544 3948.69 558.154 500
10 21 Balanced 100 10 100 2584.45 0.903216 3232.82 743.05 500
10 21 DRAND 100 10 100 24680.3 0.796679 38680.8 5087.89 500
10 21 Lobats 100 10 100 3082.37 0.858849 4675.8 829.211 494
10 21 LocalVoting 100 10 100 2562.23 0.89989 3296.75 768.812 500
10 21 LQF 100 10 100 2724.75 0.924757 3191.28 854.212 500
10 21 Lyui 100 10 100 21958.5 0.752765 37377.4 2663.18 440
10 21 Simple 100 10 100 2398.02 0.806199 4073.53 562.352 500
10 22 Balanced 100 10 100 2681.92 0.900477 3360.95 752.59 500
10 22 DRAND 100 10 100 24574.5 0.799631 38539.8 4809.73 500
10 22 Lobats 100 10 100 3233.59 0.857867 4914.75 844.243 494
10 22 LocalVoting 100 10 100 2675.28 0.900301 3436.43 775.508 500
10 22 LQF 100 10 100 2843.16 0.928653 3314.32 924.748 500
10 22 Lyui 100 10 100 22389.2 0.745186 38489 2459.94 429
10 22 Simple 100 10 100 2420.57 0.801717 4162.74 550.866 500
10 23 Balanced 100 10 100 2832.16 0.902858 3537.51 782.176 500
10 23 DRAND 100 10 100 25824.3 0.792736 40865.9 4870.09 500
10 23 Lobats 100 10 100 3351.96 0.855165 5096.28 843.109 495
10 23 LocalVoting 100 10 100 2743.64 0.898713 3534.82 770.38 500
10 23 LQF 100 10 100 2970.12 0.930311 3450.57 908.946 500
10 23 Lyui 100 10 100 23693.6 0.747978 40308.8 2482.75 436
10 23 Simple 100 10 100 2549.26 0.80271 4372.36 571.896 500
10 24 Balanced 100 10 100 2891.39 0.902072 3621.36 760.878 500
10 24 DRAND 100 10 100 26884.6 0.790292 42845.5 5170.66 500
10 24 Lobats 100 10 100 3466.05 0.854691 5274.55 855.224 499
10 24 LocalVoting 100 10 100 2867.91 0.893159 3721.01 763.536 500
10 24 LQF 100 10 100 3082.66 0.928166 3599.02 933.178 500
10 24 Lyui 100 10 100 23850.1 0.750345 40742.7 2559.11 415
10 24 Simple 100 10 100 2705.76 0.802224 4631.82 569.662 500
10 25 Balanced 100 10 100 2995.73 0.900938 3756.73 785.038 500
10 25 DRAND 100 10 100 27223.8 0.78755 43452.6 4785.9 500
10 25 Lobats 100 10 100 3624.9 0.850416 5529.64 843.213 498
10 25 LocalVoting 100 10 100 3021.68 0.89741 3891.36 833.002 500
10 25 LQF 100 10 100 3198.02 0.927881 3737.67 952.678 500
10 25 Lyui 100 10 100 24969.9 0.74259 42913.7 2375.18 414
10 25 Simple 100 10 100 2764.52 0.801085 4724.6 575.594 500
10 26 Balanced 100 10 100 3124.01 0.899459 3926.58 766.856 500
10 26 DRAND 100 10 100 28177.2 0.787937 44948.2 4795.62 500
10 26 Lobats 100 10 100 3698.58 0.848905 5650.34 852.885 497
10 26 LocalVoting 100 10 100 3094.42 0.895339 4004.08 829.312 500
10 26 LQF 100 10 100 3355.58 0.925576 3922.95 936.374 500
10 26 Lyui 100 10 100 25698.3 0.737169 44553.6 2228.96 417
10 26 Simple 100 10 100 2847.42 0.800823 4871.99 574.812 500
10 27 Balanced 100 10 100 3211.19 0.900682 4039.36 792.11 500
10 27 DRAND 100 10 100 28178.1 0.785645 45319.2 4725.87 500
10 27 Lobats 100 10 100 3790.73 0.851513 5798.2 867.982 498
10 27 LocalVoting 100 10 100 3192.51 0.894987 4122.04 796.266 500
10 27 LQF 100 10 100 3439.15 0.925996 4023.22 933.834 500
10 27 Lyui 100 10 100 26876.5 0.732586 47044.1 2242.52 424
10 27 Simple 100 10 100 2966.27 0.79841 5090.05 580.612 500
10 28 Balanced 100 10 100 3298.7 0.897412 4158.62 790.448 500
10 28 DRAND 100 10 100 29679.1 0.777032 48265.4 4627.39 500
10 28 Lobats 100 10 100 3925.15 0.849905 5989.54 834.419 497
10 28 LocalVoting 100 10 100 3286.13 0.890059 4272.75 807.36 500
10 28 LQF 100 10 100 3580.04 0.927718 4181.13 965.064 500
10 28 Lyui 100 10 100 27009 0.735273 47429.5 2272.42 428
10 28 Simple 100 10 100 3030.96 0.80029 5190.57 573.622 500
10 29 Balanced 100 10 100 3412.49 0.896554 4313.69 815.754 500
10 29 DRAND 100 10 100 30769.7 0.778003 50019.2 4680.48 500
10 29 Lobats 100 10 100 4064.07 0.852004 6183.29 876.553 490
10 29 LocalVoting 100 10 100 3413.67 0.891436 4436.6 836.536 500
10 29 LQF 100 10 100 3676.19 0.926878 4296.83 926.354 500
10 29 Lyui 100 10 100 28027.6 0.733948 49337.5 2101.71 424
10 29 Simple 100 10 100 3126.52 0.799147 5351.19 585.972 500
10 30 Balanced 100 10 100 3579.38 0.898031 4503.62 819.336 500
10 30 DRAND 100 10 100 31798.6 0.780071 51577.3 4490.36 500
10 30 Lobats 100 10 100 4188.39 0.850785 6392.39 868.889 495
10 30 LocalVoting 100 10 100 3521.93 0.888994 4601.29 816.456 500
10 30 LQF 100 10 100 3792.55 0.925945 4443.72 982.342 500
10 30 Lyui 100 10 100 28565.6 0.733993 49993.4 2052.92 421
10 30 Simple 100 10 100 3228.38 0.795517 5595.89 575.846 500
